	baseMean	log2FoldChange	lfcSE	stat	pvalue	padj	occupancy_lfc	logBaseMean
YAL005C	1921.88864747	-1.51156999524	0.259381406902	-5.82759579142	5.6231574149e-09	4.50040031773e-07	-1.51156999524	3.28372822142
YAL022C	40.1464871805	-1.34651729744	0.412994071979	-3.26037923737	0.00111263336424	0.0175006388983	-1.34651729744	1.60364755049
YAL025C	86.8082464481	1.09067478017	0.342104382403	3.18813448838	0.00143193918811	0.021421096515	1.09067478017	1.93856098343
YAL038W	15917.1678479	-0.623784618657	0.235673225403	-2.64682005175	0.00812525770431	0.0769575690258	-0.623784618657	4.20186579597
YAL040C	68.6444744892	2.24269967151	0.403738530889	5.55483190216	2.77879043037e-08	2.00870504716e-06	2.24269967151	1.83660558461
YAL044C	110.144586366	-1.73440023479	0.323888950239	-5.35492252363	8.55930845126e-08	5.48023989106e-06	-1.73440023479	2.04196315633
YAL049C	57.5148899586	1.05282682294	0.380142084872	2.76956134256	0.00561318332427	0.0593711593021	1.05282682294	1.75978029321
YAL061W	17.1787226228	-2.56379391455	0.560919763867	-4.570696345	4.86106226986e-06	0.000197820517117	-2.56379391455	1.23499086738
YAR015W	122.984477097	1.50526261982	0.364212470645	4.13292443598	3.58176508951e-05	0.00107497724749	1.50526261982	2.08985029895
YBL001C	47.3218503824	-1.83334479003	0.421999433759	-4.34442476309	1.39641090837e-05	0.000482414761294	-1.83334479003	1.6750617181
YBL003C	313.74063661	-1.53996545237	0.523094683538	-2.9439516417	0.00324050628326	0.0390977667643	-1.53996545237	2.49657077344
YBL050W	54.1049274961	-1.11413607089	0.428591629566	-2.59952830161	0.00933519803738	0.0842624454426	-1.11413607089	1.73323681939
YBL054W	32.0081821171	1.31348255455	0.47177582306	2.78412434539	0.0053672453427	0.0579180047992	1.31348255455	1.50526100939
YBL064C	69.4520012909	0.985179807101	0.360040240354	2.73630471453	0.00621334616123	0.063753180056	0.985179807101	1.84168476465
YBR008C	10.8190375771	2.02665663691	0.615983022198	3.29011768812	0.00100145487473	0.0163971502984	2.02665663691	1.0341886292
YBR010W	520.973955166	-1.22235126107	0.325061361772	-3.76037082479	0.000169661667409	0.00403324419257	-1.22235126107	2.71681601234
YBR022W	7.55321241749	-1.61598632508	0.628942699085	-2.56936971751	0.0101883693774	0.0901004599449	-1.61598632508	0.878131698446
YBR026C	37.4818192817	-2.28188683134	0.44881923977	-5.08420011697	3.6917854534e-07	2.03769583301e-05	-2.28188683134	1.57382066239
YBR034C	135.352062565	0.95367989993	0.303993849899	3.13716840076	0.00170588116487	0.0241313627339	0.95367989993	2.13146487816
YBR035C	67.162245702	-1.14277768164	0.358709369935	-3.18580382177	0.00144352445423	0.0214606948273	-1.14277768164	1.8271252092
YBR046C	25.0609220162	-2.11986462983	0.491913128425	-4.30942885509	1.63676701248e-05	0.000553503886895	-2.11986462983	1.39899704508
YBR052C	31.1760964499	-2.52634441746	0.469910034642	-5.3762299828	7.60616257898e-08	4.93697001267e-06	-2.52634441746	1.49382173637
YBR054W	38.7278715886	-3.27795088643	0.475233971822	-6.89755169197	5.29063948944e-12	7.25875737951e-10	-3.27795088643	1.58802362963
YBR056W	43.3925555991	-1.08419822314	0.411056103314	-2.63759183819	0.00834970131641	0.0780063535436	-1.08419822314	1.6374152286
YBR061C	44.0904648174	1.09448527512	0.411503848962	2.65972062687	0.00782054909069	0.0748416376097	1.09448527512	1.64434467734
YBR066C	14.3164146435	-1.62541356849	0.561434466478	-2.89510827272	0.00379027772729	0.0440838745752	-1.62541356849	1.15583426829
YBR067C	212.955078009	-2.42011361685	0.355031408806	-6.81661835214	9.32084440154e-12	1.20969445449e-09	-2.42011361685	2.32828800048
YBR072W	7.73313624767	-2.09438005651	0.640628306308	-3.2692593129	0.0010782943113	0.017202555757	-2.09438005651	0.888355661942
YBR083W	7.45723918511	2.08606653293	0.644563648591	3.23640114904	0.00121047143204	0.0185158358247	2.08606653293	0.87257807297
YBR084W	292.95042718	0.722409989175	0.261621909172	2.76127481625	0.00575762058457	0.0601045522763	0.722409989175	2.46679413563
YBR085C-A	47.2451263198	-1.82674778308	0.414002627556	-4.41240625419	1.02228062733e-05	0.000371371707679	-1.82674778308	1.67435701451
YBR085W	15.6629823868	1.44035786399	0.556287099668	2.58923470425	0.00961895089008	0.0860152740673	1.44035786399	1.19487445956
YBR092C	85.0240040778	-2.45280638369	0.650563965678	-3.77027704129	0.000163066427678	0.00389574619755	-2.45280638369	1.92954155356
YBR093C	366.969934057	-1.46796340644	0.269324502537	-5.45053789244	5.02177012208e-08	3.49486088786e-06	-1.46796340644	2.56463048385
YBR104W	26.067492487	1.65320621963	0.505962544769	3.26744783132	0.00108521865157	0.0172545720898	1.65320621963	1.41609925704
YBR115C	59.6298203348	-1.74867386519	0.389391586498	-4.49078492146	7.0961179763e-06	0.000272604468177	-1.74867386519	1.77546350081
YBR126C	143.045133986	-1.26589188875	0.327265504027	-3.86808836608	0.000109691916565	0.00268745195584	-1.26589188875	2.15547308885
YBR127C	796.299736356	-0.634825849859	0.238631965221	-2.66027164161	0.00780776526738	0.0748416376097	-0.634825849859	2.90107657194
YBR132C	18.449976769	-3.534883163	0.591929663551	-5.97179594243	2.34655923005e-09	2.16695719667e-07	-3.534883163	1.26599582366
YBR139W	65.8840820304	-1.32876634243	0.364170638034	-3.64874650412	0.000263522972014	0.00577825256444	-1.32876634243	1.81878049925
YBR142W	86.4986188442	1.05563977501	0.341054564177	3.09522254177	0.00196665277777	0.0271844564749	1.05563977501	1.93700917298
YBR162C	452.109400319	-1.23925519427	0.296663992967	-4.17730234759	2.94986802618e-05	0.000908029888573	-1.23925519427	2.65524353704
YBR172C	58.7271189873	1.05188036131	0.380248035441	2.76630058086	0.0056696249421	0.0595930409135	1.05188036131	1.76883869591
YBR177C	77.5289257097	-1.64018293166	0.346013442766	-4.74022893027	2.13476878352e-06	9.95258223152e-05	-1.64018293166	1.88946376615
YBR196C	3180.93030966	-0.821176569888	0.251915868613	-3.2597254568	0.00111520106266	0.0175006388983	-0.821176569888	3.50255415434
YBR208C	15.3655258862	-2.34314909076	0.573780361491	-4.08370388396	4.43235052372e-05	0.0012669135247	-2.34314909076	1.18654742861
YBR221C	346.412763777	-0.78211203684	0.259828426158	-3.0101095881	0.00261153445232	0.0333526288299	-0.78211203684	2.53959388547
YBR222C	70.0276431933	-1.08450064615	0.358299599845	-3.02679837381	0.00247158758766	0.0326059439448	-1.08450064615	1.84526951025
YBR230C	19.6840123308	-1.4291284361	0.520765622599	-2.74428336681	0.00606431655485	0.0624910903356	-1.4291284361	1.29411362842
YBR241C	12.7040717753	-1.73723286346	0.587023123163	-2.9593942639	0.00308244460762	0.03747316204	-1.73723286346	1.10394293876
YBR244W	121.581063543	1.6424029718	0.325144141165	5.05130729379	4.38796483731e-07	2.34122301653e-05	1.6424029718	2.0848659381
YBR247C	86.3490653229	1.11295085043	0.352803432186	3.15459190272	0.00160722749099	0.0233169377999	1.11295085043	1.93625764095
YBR267W	55.2828890799	1.5089721265	0.394850380175	3.82163017251	0.000132572403556	0.00320839257846	1.5089721265	1.74259073116
YBR286W	777.613741719	-0.633820148724	0.240861408038	-2.63147240517	0.00850157708781	0.0789643581734	-0.633820148724	2.89076392669
YBR296C	18.3196627115	-1.861151642	0.539032717993	-3.45276191941	0.000554878500511	0.0100929036343	-1.861151642	1.26291747349
YCL040W	191.271312844	-2.31513367525	0.294960130251	-7.84897156535	4.19462700321e-15	8.75765168236e-13	-2.31513367525	2.28164983878
YCL054W	105.714429169	1.2261791702	0.334765186037	3.66280372436	0.000249469688843	0.00552052279183	1.2261791702	2.02413426906
YCL059C	71.5706289071	1.01648284905	0.360957000776	2.81607739112	0.00486139545039	0.0537889883705	1.01648284905	1.85473483347
YCL064C	175.61309934	-5.04232744802	0.371126073507	-13.5865621091	4.81155617291e-42	5.77627318558e-39	-5.04232744802	2.24455690769
YCR004C	186.921280102	-1.42924466985	0.314897369732	-4.5387634424	5.65850711655e-06	0.000226434593114	-1.42924466985	2.27165874656
YCR005C	158.047090464	-2.78546344209	0.336318032038	-8.28223043887	1.20889374388e-16	2.90255387906e-14	-2.78546344209	2.19878650519
YCR011C	108.767400205	-1.07967956193	0.313351239057	-3.44558893456	0.000569816430099	0.0102481591661	-1.07967956193	2.036498748
YCR012W	11993.1369458	-0.889087463189	0.267898746229	-3.31874439766	0.000904231563584	0.0151293378687	-0.889087463189	4.07893279278
YCR021C	9.83060083945	-2.69919818216	0.625950337195	-4.31216028137	1.61667165945e-05	0.000550585624729	-2.69919818216	0.992580062419
YCR037C	52.5644623253	1.77494519818	0.405960402213	4.37221263085	1.22993650476e-05	0.000432197395672	1.77494519818	1.72069222643
YCR061W	60.7562712526	-1.32789926148	0.374209106672	-3.54854876006	0.000387360271711	0.00775043343648	-1.32789926148	1.78359111239
YCR069W	57.6777281282	-1.12263519651	0.376794113483	-2.97943931802	0.00288776421429	0.0362063805666	-1.12263519651	1.76100814559
YCR087C-A	43.5466173564	1.3587354055	0.415559826047	3.26965053005	0.00107680427016	0.017202555757	1.3587354055	1.63895442523
YCR088W	294.227791684	-1.21148428292	0.282541559628	-4.28780914396	1.80444028431e-05	0.000593487825018	-1.21148428292	2.4686836922
YDL008W	11.1672237916	-1.76695639707	0.593676560882	-2.97629469225	0.00291754359137	0.0362954516212	-1.76695639707	1.0479452195
YDL022W	284.490081463	-1.67147622952	0.314724643477	-5.31091626972	1.09075438505e-07	6.89184546972e-06	-1.67147622952	2.45406712964
YDL031W	108.580520446	0.987066463245	0.329415647173	2.99641644748	0.00273173087069	0.034611534673	0.987066463245	2.03575191898
YDL039C	18.818409681	3.64106304729	0.614694488476	5.92337025229	3.15409601848e-09	2.70463733584e-07	3.64106304729	1.27458291899
YDL046W	104.112821369	-1.49958254634	0.337045464275	-4.44919960447	8.61908868672e-06	0.000323350499013	-1.49958254634	2.01750421565
YDL051W	155.210547559	0.981922813628	0.295573800275	3.32209016061	0.000893458187614	0.0150013504088	0.981922813628	2.19092123104
YDL054C	21.8388413114	-2.07490015692	0.513902327588	-4.03753796302	5.40151058083e-05	0.0015046822405	-2.07490015692	1.33922959258
YDL063C	78.134848084	1.68857114629	0.362658423587	4.65609244529	3.22267275024e-06	0.000138172094167	1.68857114629	1.8928447721
YDL066W	362.250352294	-0.736406978243	0.270706449529	-2.7203156021	0.00652196359179	0.0662124083886	-0.736406978243	2.5590088165
YDL067C	9.79006240935	1.97817218099	0.649577123552	3.04532304058	0.00232430511941	0.0310656008672	1.97817218099	0.990785460337
YDL078C	66.3628451488	-1.88139318053	0.365772966252	-5.1436091623	2.69509931577e-07	1.54069844218e-05	-1.88139318053	1.82192499709
YDL086W	87.51228772	0.893245405559	0.34299829396	2.60422696348	0.00920817564531	0.0834295461298	0.893245405559	1.94206903719
YDL124W	93.8588515925	-2.05270324207	0.345737747822	-5.93716843186	2.89986714121e-09	2.57873370594e-07	-2.05270324207	1.97247523611
YDL125C	104.772430164	-1.19162432963	0.340108867848	-3.50365557116	0.000458918507662	0.00892197033924	-1.19162432963	2.02024701735
YDL128W	58.0443140083	-1.02482576786	0.373279286121	-2.74546648037	0.00604249398585	0.0624561015066	-1.02482576786	1.76375968289
YDL130W-A	19.5822776091	-2.06552274128	0.550116911687	-3.7546977695	0.00017355076577	0.00406696236263	-2.06552274128	1.29186320307
YDL131W	86.7908259833	-1.71331680637	0.336411967483	-5.09291277354	3.52603946413e-07	1.96884203567e-05	-1.71331680637	1.93847382154
YDL150W	38.5678710075	1.38170986293	0.436652750033	3.16432190757	0.00155444762539	0.0226883206599	1.38170986293	1.58622566595
YDL179W	34.4100080065	-1.27222024258	0.440410787764	-2.88871271532	0.00386822299739	0.0446519395035	-1.27222024258	1.53668477367
YDL182W	75.6989689383	-2.84278559583	0.379318832716	-7.49444886634	6.65775161783e-14	1.22963551034e-11	-2.84278559583	1.87908996421
YDL192W	262.380555027	-2.14487704491	0.269460299118	-7.95990003697	1.72178324805e-15	3.93714436055e-13	-2.14487704491	2.41893164641
YDL231C	30.9271704393	3.89862064932	0.578445704799	6.73982124334	1.58581609574e-11	1.95258689532e-09	3.89862064932	1.49034018774
YDL237W	46.8548343742	-1.18605236003	0.413763383613	-2.86649908379	0.00415039360674	0.0473401190014	-1.18605236003	1.67075440704
YDR001C	53.749466532	-3.67481901889	0.442365977471	-8.30719179604	9.7993488212e-17	2.47665647576e-14	-3.67481901889	1.7303741582
YDR019C	41.6733456495	-1.99641686161	0.417702555015	-4.77951795516	1.75715980216e-06	8.27243271568e-05	-1.99641686161	1.6198583682
YDR032C	164.679762527	-1.28108019789	0.296260334985	-4.32417048997	1.53106859998e-05	0.000525156529793	-1.28108019789	2.21664023206
YDR033W	998.38416964	-1.0221643725	0.246057952997	-4.15416108299	3.2648312807e-05	0.00098602011383	-1.0221643725	2.99929768623
YDR043C	26.1602963905	-1.33990395777	0.477912416651	-2.80366006633	0.00505261452294	0.0553941893589	-1.33990395777	1.41764266014
YDR055W	178.386430853	-0.972415051372	0.306439852574	-3.17326562849	0.00150734546819	0.0222032912216	-0.972415051372	2.25136181624
YDR060W	183.879404664	0.839962128343	0.307757975418	2.7292944308	0.00634700072568	0.0648474414568	0.839962128343	2.26453308899
YDR074W	117.736382882	-0.833619504527	0.307289745204	-2.71281263868	0.00667148157057	0.0670218713428	-0.833619504527	2.07091068921
YDR100W	28.1673443655	-1.56140497538	0.477594476866	-3.26931120649	0.00107809655289	0.017202555757	-1.56140497538	1.44974590337
YDR119W-A	8.58880495304	-2.58311295944	0.641952074189	-4.02384081818	5.72566247525e-05	0.0015533689947	-2.58311295944	0.933932740269
YDR122W	35.821457948	-1.50859082193	0.430284769224	-3.506028867	0.00045484588687	0.00887873962906	-1.50859082193	1.55414325784
YDR135C	213.795746484	-0.697983814407	0.272001429414	-2.56610347935	0.0102848140694	0.0907861712527	-0.697983814407	2.32999906057
YDR153C	62.8878977687	0.985839754702	0.374405146298	2.63308281002	0.0084613714402	0.0787432280152	0.985839754702	1.79856707727
YDR158W	450.40814493	-0.674029566305	0.253957897216	-2.65409965074	0.00795203392238	0.0757652120938	-0.674029566305	2.65360623545
YDR161W	58.0957338752	1.01714561223	0.385136765119	2.64099848248	0.00826620896163	0.0774977753518	1.01714561223	1.76414424216
YDR170C	237.163626298	-0.735278791176	0.287846103487	-2.55441634356	0.0106365986022	0.0932061067299	-0.735278791176	2.37504808221
YDR178W	42.1308625889	-1.21338762492	0.425781850604	-2.84978709919	0.00437485023295	0.0494306607497	-1.21338762492	1.62460035098
YDR184C	21.8509482927	1.28234002313	0.50827449426	2.52292813749	0.0116382181726	0.0991992363656	1.28234002313	1.33947028933
YDR194C	137.014376684	0.804873381263	0.301269862765	2.6716027082	0.00754899664899	0.0732328927444	0.804873381263	2.13676613932
YDR225W	397.178220112	-1.47568780294	0.335695839143	-4.39590733893	1.10310987305e-05	0.000392380267434	-1.47568780294	2.59898542526
YDR232W	175.745173146	0.985247904569	0.298549516023	3.30011556439	0.000966450225416	0.0158934725426	0.985247904569	2.24488340593
YDR234W	66.0748680896	-1.36051665445	0.369369321081	-3.68335044845	0.000230188354098	0.00518950458393	-1.36051665445	1.82003630479
YDR272W	40.4177200443	-1.95262924908	0.436530855437	-4.47306123899	7.71076829015e-06	0.000293865947058	-1.95262924908	1.6065718114
YDR297W	70.2772224806	-1.08546793201	0.370568895815	-2.92919331404	0.00339842992907	0.0406964102728	-1.08546793201	1.84681458883
YDR299W	58.7618790409	1.83794707272	0.396681962494	4.63330135096	3.59880080027e-06	0.000152933110114	1.83794707272	1.76909567487
YDR324C	115.515399468	0.844647995863	0.318608660416	2.65105159025	0.00802415836798	0.0761502143934	0.844647995863	2.0626398843
YDR353W	351.751129522	-0.825937539814	0.282627264655	-2.92235620234	0.00347393992621	0.0413941923714	-0.825937539814	2.54623550069
YDR380W	66.353600605	2.40600012223	0.414933894299	5.79851430623	6.69049963456e-09	5.26684905658e-07	2.40600012223	1.82186449435
YDR388W	143.358416607	-0.909914353387	0.311661233843	-2.9195621867	0.00350523450647	0.0415608298767	-0.909914353387	2.15642319556
YDR398W	99.7662093472	1.02165938073	0.335230001769	3.04763707109	0.00230648307354	0.0309377980982	1.02165938073	1.99898347136
YDR399W	165.324300487	1.5411970234	0.325816137866	4.73026607429	2.24225763374e-06	0.000103531934204	1.5411970234	2.21833669381
YDR400W	20.293664366	-2.60063884087	0.538824250763	-4.82650667112	1.38948741664e-06	6.67231857469e-05	-2.60063884087	1.30736047336
YDR406W	23.0083766367	-2.27258240771	0.540946004284	-4.20112615623	2.6559053323e-05	0.00082281660682	-2.27258240771	1.36188597797
YDR444W	7.32153237268	2.0619767755	0.645261310723	3.19556858784	0.00139555608693	0.0209420635295	2.0619767755	0.86460198698
YDR449C	57.1605247201	1.44245534502	0.397446831474	3.62930392392	0.000284186495682	0.00617494820028	1.44245534502	1.75709620686
YDR453C	9.47226402426	1.91650283879	0.627098751344	3.05614201062	0.00224205037701	0.0302424885124	1.91650283879	0.976453794814
YDR465C	55.961333639	1.39107852613	0.393512383239	3.53503113339	0.000407727116363	0.00805722474393	1.39107852613	1.7478880558
YDR471W	429.715778851	0.924087602845	0.255028368218	3.62346984887	0.000290677102113	0.00620369530822	0.924087602845	2.63318130095
YDR481C	146.11546517	-2.6702384947	0.315119055987	-8.47374490359	2.37627496711e-17	7.60724826138e-15	-2.6702384947	2.16469618502
YDR496C	146.414887582	0.995190175752	0.303578306516	3.27819924676	0.00104471625467	0.016891338232	0.995190175752	2.16558523837
YDR497C	149.850394767	-1.35736947663	0.300926003875	-4.51064201548	6.4631714063e-06	0.000252326415391	-1.35736947663	2.17565789139
YDR510W	69.2191534395	-1.07124967604	0.387264136433	-2.7661990235	0.00567139102404	0.0595930409135	-1.07124967604	1.84022628351
YDR513W	110.622775139	-0.988520975412	0.313604232463	-3.1521289354	0.00162084684773	0.0234052947654	-0.988520975412	2.0438445492
YDR516C	74.1050132886	-1.51859229641	0.353074742576	-4.30105049525	1.69990314579e-05	0.000570834608818	-1.51859229641	1.86984758949
YDR529C	74.5207225809	1.2172839552	0.356338378582	3.41608995371	0.000635272581184	0.011340442137	1.2172839552	1.87227705733
YDR533C	25.3830572088	-2.91592296427	0.52050204846	-5.60213542463	2.11727028469e-08	1.58861436048e-06	-2.91592296427	1.40454392859
YDR541C	4.77857600372	-1.72746669865	0.650610031544	-2.65514919059	0.00792733398705	0.0756800353992	-1.72746669865	0.679298497896
YEL021W	56.5163943008	-1.41396405045	0.383653573398	-3.68552295219	0.000228233511266	0.0051697043448	-1.41396405045	1.75217444643
YEL024W	104.227279902	1.40200401683	0.332868327192	4.21188771144	2.53245431477e-05	0.000794826511081	1.40200401683	2.0179814038
YEL027W	688.177782854	-0.940218953404	0.299747552885	-3.13670268316	0.00170859294659	0.0241313627339	-0.940218953404	2.83770064774
YEL034W	1903.78575518	1.4159909082	0.230645496396	6.13925236055	8.29107637235e-10	8.2945309875e-08	1.4159909082	3.27961807295
YEL040W	348.438995695	0.781182064155	0.255120742093	3.06200921864	0.00219856681454	0.0297394868829	0.781182064155	2.5421267533
YEL050C	55.5194697626	1.00454787599	0.386187528806	2.60119191082	0.00929004679858	0.084012814928	1.00454787599	1.74444530975
YEL052W	21.7236078788	-1.65642180068	0.521920100307	-3.1737076225	0.00150505215779	0.0222032912216	-1.65642180068	1.33693195497
YEL054C	821.81321603	0.616006335355	0.244240947086	2.52212555964	0.0116648063537	0.0991992363656	0.616006335355	2.91477312111
YEL065W	117.269879426	1.25557807313	0.366783940649	3.42320896304	0.000618864829664	0.0110887645972	1.25557807313	2.06918647862
YEL071W	411.36702975	-1.14493815246	0.257901474409	-4.43944011986	9.01932041414e-06	0.000335742454486	-1.14493815246	2.61422948091
YER001W	169.867766537	0.864107175523	0.2936993293	2.94214895751	0.003259431007	0.0392275380842	0.864107175523	2.23011097661
YER010C	9.48079879551	-1.9847189924	0.613604422551	-3.23452524047	0.00121845150367	0.0185158358247	-1.9847189924	0.97684492994
YER014W	24.5508679794	-1.34976192931	0.477516176218	-2.82663079605	0.00470405289442	0.0522890324051	-1.34976192931	1.39006685092
YER026C	104.968892783	-1.11871244914	0.342694427284	-3.26446058083	0.00109672722736	0.0173239610059	-1.11871244914	2.02106061627
YER035W	17.1600436605	-1.33647496794	0.530897646987	-2.51738725068	0.0118228803211	0.099953294546	-1.33647496794	1.23451838849
YER037W	13.9171183243	-2.5642627389	0.586564884807	-4.37166084319	1.23304962947e-05	0.000432197395672	-2.5642627389	1.14354931966
YER044C	93.1272338887	1.96562777906	0.36155082641	5.43665685562	5.42895475301e-08	3.67180855267e-06	1.96562777906	1.96907670352
YER055C	253.617859025	-0.793186416618	0.304142710282	-2.60794156757	0.00910885020262	0.0829590418621	-0.793186416618	2.40417983203
YER060W	32.8286120916	1.17415530146	0.460418849875	2.55018946722	0.0107664390325	0.0938302000617	1.17415530146	1.51625252227
YER062C	82.7037036565	-1.37477830954	0.343078851652	-4.00717882471	6.14483382186e-05	0.00163930511181	-1.37477830954	1.91752495866
YER067W	8.54463991546	-2.92009663738	0.644807658217	-4.52863206597	5.93667709432e-06	0.000235602672785	-2.92009663738	0.931693765591
YER069W	82.5385637198	1.73603854156	0.361484719928	4.80252261258	1.56679119074e-06	7.44923890885e-05	1.73603854156	1.91665690731
YER072W	219.949769693	-2.05658613206	0.28398864018	-7.24179013201	4.42800691321e-13	7.59403185616e-11	-2.05658613206	2.34232351157
YER073W	93.4790164904	0.967318915599	0.334202519202	2.89440940753	0.00379872507302	0.0440838745752	0.967318915599	1.97071413445
YER079W	6.71188631171	-1.97204106457	0.641956620172	-3.07192262313	0.00212684849643	0.0289323696313	-1.97204106457	0.82684459165
YER081W	137.471983309	3.38881555556	0.375506688053	9.02464766507	1.80274543634e-19	8.65678358531e-17	3.38881555556	2.13821419828
YER086W	221.303164209	-0.761894767272	0.276837226531	-2.75213986507	0.00592072279079	0.0615396338557	-0.761894767272	2.34498762355
YER088C	48.7053618558	-1.6254597151	0.396608690473	-4.09839661649	4.16021979627e-05	0.0012181326501	-1.6254597151	1.68757677428
YER090W	123.613095437	-0.823030461955	0.315644616886	-2.60745920546	0.00912169389904	0.0829590418621	-0.823030461955	2.09206448187
YER091C	405.113535801	-0.708226729319	0.25858219994	-2.73888430636	0.00616480631385	0.0633905779853	-0.708226729319	2.60757675423
YER119C	28.1339640974	-2.06643559568	0.500923665856	-4.12525048532	3.70331481303e-05	0.00109773566248	-2.06643559568	1.44923092891
YER124C	95.4394859621	-1.81661644367	0.332053844498	-5.47084900165	4.47884781019e-08	3.1628569389e-06	-1.81661644367	1.97972809155
YER125W	170.748634445	-0.744869792124	0.289322262249	-2.57453327765	0.0100375430233	0.0890456614977	-0.744869792124	2.23235723911
YER150W	8.27053719722	-2.5524673615	0.642119932695	-3.97506327329	7.03605474253e-05	0.00181651262762	-2.5524673615	0.917533719252
YER177W	837.838328105	-0.893166821436	0.258669493791	-3.45292677673	0.000554539508249	0.0100929036343	-0.893166821436	2.9231602239
YER178W	477.074367598	-0.743374526273	0.249719611778	-2.97683678498	0.00291239010201	0.0362954516212	-0.743374526273	2.67858608328
YER190W	19.7171524705	-2.97391218286	0.605645854358	-4.91031542851	9.09300077142e-07	4.455570378e-05	-2.97391218286	1.2948441948
YFL002C	45.0867824401	1.24765457548	0.413275653717	3.01894041968	0.0025366041116	0.033030496809	1.24765457548	1.65404924355
YFL004W	174.619201356	-1.80041797721	0.291065956656	-6.18560135954	6.18661678816e-10	6.45828996017e-08	-1.80041797721	2.24209199759
YFL010C	96.441547461	-1.3757031531	0.333792287527	-4.12143480993	3.76520020818e-05	0.00110923260121	-1.3757031531	1.98426417027
YFL014W	5.76818186263	-1.73475615577	0.646493089693	-2.68333286686	0.00728923990203	0.0716831647292	-1.73475615577	0.761038944619
YFL018C	196.523765838	-0.839368058795	0.278126289776	-3.01793857557	0.00254500483797	0.033030496809	-0.839368058795	2.2934150776
YFL021W	14.9637321093	-3.28198910371	0.602491738031	-5.44735951806	5.1123063733e-08	3.50704217209e-06	-3.28198910371	1.17503992457
YFR024C-A	95.8918510302	-0.962755179235	0.333230288228	-2.88915867869	0.00386274099302	0.0446519395035	-0.962755179235	1.98178170203
YFR030W	37.3258140405	-1.45020302261	0.439165454149	-3.30217918761	0.000959367619088	0.0158810129701	-1.45020302261	1.57200928805
YFR047C	42.4976424948	-1.22770197955	0.40615767513	-3.02272258959	0.00250511772833	0.0329577406341	-1.22770197955	1.62836483876
YFR053C	139.020411314	-1.34939511642	0.318105034805	-4.24197975126	2.21556685497e-05	0.000709276802504	-1.34939511642	2.14307856911
YFR055W	176.66057689	1.94612829536	0.31971560372	6.08706072745	1.15002359203e-09	1.10448265779e-07	1.94612829536	2.2471396443
YGL001C	164.491663207	0.968661986609	0.29822945368	3.24804265527	0.00116201849088	0.0180000412684	0.968661986609	2.21614389186
YGL012W	306.201665942	-0.811985131149	0.267848065078	-3.03151389543	0.00243330720364	0.0321893696746	-0.811985131149	2.48600754922
YGL026C	422.488733877	-0.943034531547	0.270213629986	-3.48995915415	0.000483094379004	0.00920563177769	-0.943034531547	2.6258151325
YGL028C	104.153763233	-1.34986260246	0.331177003425	-4.07595511915	4.58258576238e-05	0.00130210513793	-1.34986260246	2.01767496628
YGL037C	158.55140392	-1.44843373026	0.290603861467	-4.98422052257	6.22120950186e-07	3.28288439867e-05	-1.44843373026	2.20017009191
YGL049C	130.345232713	0.798109396312	0.314526890563	2.53749177021	0.0111649993202	0.0959517598323	0.798109396312	2.11509515177
YGL077C	78.9192497893	-0.872250579823	0.340384289291	-2.56254653128	0.0103907663061	0.0913854575124	-0.872250579823	1.89718294817
YGL078C	153.142978389	0.872398051497	0.305470285269	2.85591788651	0.00429126100903	0.0487154500364	0.872398051497	2.18509708918
YGL088W	576.305685826	8.37887316366	0.466116191744	17.9759324221	3.00764457657e-72	1.44427092567e-68	8.37887316366	2.76065290435
YGL107C	48.8263263138	1.23137208063	0.401782691879	3.06477134412	0.00217836470431	0.0295494556782	1.23137208063	1.68865404926
YGL111W	77.4696743924	0.99380612634	0.349834080701	2.84079276767	0.00450015450915	0.0504900512919	0.99380612634	1.88913173062
YGL117W	11.549107476	1.7939872538	0.611178128271	2.93529360888	0.00333232211521	0.040004526993	1.7939872538	1.06254842291
YGL125W	7.77146756636	-2.82335185095	0.646544654774	-4.36683194286	1.26061646484e-05	0.000438657990157	-2.82335185095	0.890503038851
YGL156W	6.12058893825	-1.67999440153	0.643496811067	-2.61072684842	0.00903500271325	0.0824830475837	-1.67999440153	0.786793213048
YGL187C	94.6129892983	0.879318128683	0.330623534865	2.65957512384	0.00782392796336	0.0748416376097	0.879318128683	1.97595076424
YGL189C	1076.78425464	-1.34091126727	0.253728580251	-5.28482548534	1.2582464761e-07	7.64822731422e-06	-1.34091126727	3.03212869642
YGL200C	161.921452216	-0.816660990655	0.288791786579	-2.82785393702	0.0046861182053	0.0522105327653	-0.816660990655	2.20930439021
YGL208W	8.48757162826	-2.50400381996	0.63511520392	-3.94259782242	8.06037568644e-05	0.00204212751661	-2.50400381996	0.928783452399
YGL211W	16.7164658644	1.80407695762	0.567264509866	3.18030993697	0.00147117610646	0.0218042829112	1.80407695762	1.22314446582
YGL213C	46.7581799608	-1.06918636811	0.408278407414	-2.61876785228	0.00882479803145	0.0810261570689	-1.06918636811	1.66985759812
YGL253W	1308.40803607	-0.799874084617	0.23489257579	-3.40527614347	0.000660971793619	0.0116263243698	-0.799874084617	3.11674320284
YGR008C	40.7609786897	-4.2091627627	0.491154478741	-8.56993663885	1.035419945e-17	3.55149041136e-15	-4.2091627627	1.61024460307
YGR014W	117.249505548	1.01622217893	0.32489228693	3.12787412878	0.00176075568916	0.0245458371018	1.01622217893	2.06911101993
YGR019W	35.1621622148	-2.6303214748	0.460444053401	-5.71257562212	1.11278939437e-08	8.61873334159e-07	-2.6303214748	1.54607557314
YGR037C	72.4749777463	-1.12085608114	0.376828875833	-2.97444318369	0.00293520806765	0.0364078743167	-1.12085608114	1.86018809068
YGR049W	37.6446511746	1.59724543029	0.445572359255	3.58470492415	0.00033745951526	0.00692513073622	1.59724543029	1.57570327721
YGR079W	50.5488500291	1.4360480557	0.415290663612	3.45793484306	0.000544333014126	0.00997666844975	1.4360480557	1.70371127997
YGR082W	95.001766034	0.827257405448	0.328585364776	2.51763314538	0.0118146305681	0.099953294546	0.827257405448	1.97773167868
YGR086C	571.640259705	-1.0691632011	0.26620622593	-4.01629675402	5.91198041939e-05	0.00158599608793	-1.0691632011	2.75712280786
YGR111W	43.6874097226	1.30576440621	0.416451898566	3.13545072242	0.00171590253428	0.0241635307027	1.30576440621	1.64035629565
YGR124W	703.656296814	-0.754283459434	0.239914525408	-3.1439674532	0.00166673976207	0.0238156941119	-0.754283459434	2.84736057839
YGR130C	68.155066642	-1.36748127959	0.362458522594	-3.77279383528	0.000161429676154	0.00387592652445	-1.36748127959	1.83349814679
YGR136W	57.6588010547	-1.41029238644	0.393061095839	-3.58797245866	0.000333259482499	0.00686829199553	-1.41029238644	1.76086560752
YGR142W	53.2970765648	2.12041448558	0.414232756489	5.11889620595	3.07329031776e-07	1.73622824775e-05	2.12041448558	1.72670338789
YGR145W	99.8486204367	1.08416368366	0.335148625722	3.23487432277	0.00121696284562	0.0185158358247	1.08416368366	1.9993420688
YGR159C	803.363859813	1.9239828915	0.252335380668	7.62470520942	2.44592683676e-14	4.89389194588e-12	1.9239828915	2.90491229063
YGR161C	32.075924201	-1.14508421158	0.444850933584	-2.57408521628	0.0100505515476	0.0890456614977	-1.14508421158	1.50617917852
YGR161W-C	5.26273441558	-2.29644333672	0.650397032107	-3.5308330502	0.000414253126903	0.0081193612873	-2.29644333672	0.721211453856
YGR165W	43.3653039163	1.12311378405	0.425346248359	2.64046947254	0.00827912510526	0.0774977753518	1.12311378405	1.6371423944
YGR175C	506.80224304	0.709737437415	0.262460491749	2.70416866434	0.0068475522175	0.0685040536425	0.709737437415	2.70483852835
YGR183C	12.0900077372	1.52106193207	0.595873825073	2.55265774073	0.0106904489345	0.0933486179507	1.52106193207	1.08242657879
YGR192C	26547.6803348	-1.31881252329	0.252702133508	-5.21884206111	1.80045210973e-07	1.05436232084e-05	-1.31881252329	4.42402657959
YGR197C	12.8664783506	-1.58876044643	0.572307944933	-2.77605869444	0.00550222744012	0.0585846921674	-1.58876044643	1.10945969359
YGR204W	438.403155573	-0.705294394861	0.248924499439	-2.83336672947	0.00460605097436	0.0515577081093	-0.705294394861	2.64187367149
YGR209C	194.016773864	-0.799397685477	0.298035630577	-2.682221867	0.00731349380209	0.0716831647292	-0.799397685477	2.2878392788
YGR211W	181.899571556	1.30287909607	0.304874429789	4.27349416272	1.92433324649e-05	0.000624368124977	1.30287909607	2.25983167613
YGR213C	20.4687556617	3.60512838554	0.6136687678	5.87471381094	4.23574463166e-09	3.44746537648e-07	3.60512838554	1.3110914418
YGR234W	591.047098693	-4.53195519758	0.3087550883	-14.6781555003	8.89780456969e-49	1.42424191812e-45	-4.53195519758	2.77162208983
YGR254W	3335.78617309	-2.59374180557	0.530413373089	-4.89003848161	1.00816266796e-06	4.89009811266e-05	-2.59374180557	3.52319820419
YGR260W	74.4112858121	-1.19493578566	0.346217440707	-3.45140263073	0.000557680939996	0.010105599524	-1.19493578566	1.87163880912
YGR286C	13.0466376757	-1.90428209862	0.590011941641	-3.22753145186	0.00124863313456	0.0189146255903	-1.90428209862	1.11549860156
YHL001W	26.1202879958	-2.54302040946	0.63651694532	-3.99521242624	6.46362715716e-05	0.00169608402233	-2.54302040946	1.41697796105
YHL003C	67.7531692285	-0.941961865364	0.355069649526	-2.65289321862	0.00798051129915	0.0758859708089	-0.941961865364	1.83092961462
YHL021C	68.9650228393	-1.72314252222	0.366656339618	-4.69961196911	2.60656279603e-06	0.000116978640622	-1.72314252222	1.83862888437
YHL028W	13.0010641915	-1.77527265249	0.592930020713	-2.9940677491	0.00275284810369	0.0347873068261	-1.77527265249	1.11397890258
YHL040C	36.0011347007	1.53920762713	0.456497273318	3.37177835903	0.000746845249326	0.0129471151165	1.53920762713	1.55631618928
YHL043W	10.2715456479	2.28719301661	0.647314408775	3.53335718409	0.000410317709288	0.00807518704918	2.28719301661	1.01163580054
YHR007C	674.996399838	0.63525349072	0.25036909531	2.53726798802	0.0111721394684	0.0959517598323	0.63525349072	2.82930145648
YHR009C	55.521334038	-1.06149797019	0.375173407537	-2.82935290418	0.00466422355693	0.0520874453963	-1.06149797019	1.74445989258
YHR010W	947.614016741	0.69564734974	0.257539472924	2.70112904185	0.00691045209815	0.0687039150628	0.69564734974	2.97663147601
YHR016C	17.5496537912	-1.54130789285	0.529476627323	-2.91100270213	0.00360270901835	0.0422099694506	-1.54130789285	1.24426855339
YHR022C	7.10577006488	-1.89859826455	0.63875663888	-2.97233429602	0.00295544695196	0.0364078743167	-1.89859826455	0.851611150075
YHR029C	28.5703994604	-1.92800326423	0.471715809625	-4.08721358262	4.36585159651e-05	0.00125537840518	-1.92800326423	1.45591631256
YHR030C	84.3142105321	1.24885665177	0.366867803254	3.40410534992	0.000663811460519	0.011633659246	1.24885665177	1.92590077789
YHR032W	75.114189313	1.14304879385	0.363662689417	3.14315663143	0.00167136378919	0.0238156941119	1.14304879385	1.87572198438
YHR037W	65.415532457	-1.43546763932	0.361890084872	-3.96658460491	7.29099019219e-05	0.00187226389855	-1.43546763932	1.81568088073
YHR049C-A	3.9113824382	1.86072229178	0.644801604956	2.88572838138	0.00390509018708	0.0448618255463	1.86072229178	0.592330281481
YHR051W	87.6640532009	0.939204348661	0.348327968899	2.69632195091	0.00701098674679	0.0694665855676	0.939204348661	1.94282154665
YHR052W	117.208655883	1.45537659237	0.32828639055	4.43325289827	9.28218787625e-06	0.00034286973986	1.45537659237	2.0689596856
YHR066W	75.0982716241	1.46060383694	0.36898037013	3.95848656236	7.54261837399e-05	0.00192657731021	1.46060383694	1.87562994189
YHR071W	12.3961680249	1.6428338863	0.590876242913	2.78033497877	0.00543028511917	0.0581314574439	1.6428338863	1.09328745429
YHR072W	90.9032469231	1.24400805182	0.349629483268	3.55807536651	0.000373582133563	0.00750603098481	1.24400805182	1.95857939582
YHR088W	42.6268406341	1.22137331219	0.438582926638	2.78481727857	0.00535578945847	0.0579180047992	1.22137331219	1.62968314531
YHR104W	44.725227216	-1.69633799033	0.414656454443	-4.09094799359	4.29613471426e-05	0.00124277342758	-1.69633799033	1.65055255558
YHR136C	27.0655716684	-3.87810150002	0.553772886674	-7.00305412804	2.50442017521e-12	3.53712520041e-10	-3.87810150002	1.43241720452
YHR137W	87.3473017582	2.06794461164	0.372378650658	5.55333827002	2.80264969095e-08	2.00870504716e-06	2.06794461164	1.94124949375
YHR140W	4.02518680714	-1.87465309501	0.642641512628	-2.91710550622	0.00353296244838	0.0417586129282	-1.87465309501	0.604786040586
YHR143W	116.573852122	-2.11571356068	0.316681652856	-6.68088454636	2.37504288772e-11	2.7816965724e-09	-2.11571356068	2.06660114774
YHR161C	24.5316539821	-1.30184145477	0.479174658973	-2.71684119849	0.00659082223271	0.0665271230546	-1.30184145477	1.38972683035
YHR169W	48.9871523071	1.47191551743	0.405942168774	3.62592416028	0.000287929855937	0.00619745606449	1.47191551743	1.69008219403
YHR174W	32614.4506164	-0.818407993487	0.282496655429	-2.89705374474	0.00376685218168	0.0440107644195	-0.818407993487	4.51341006732
YHR190W	292.270297506	0.716596418581	0.264843248182	2.70573791667	0.00681528093622	0.0683235470892	0.716596418581	2.46578468164
YHR196W	77.7516167277	1.26174339355	0.361521451323	3.49009274259	0.00048285294718	0.00920563177769	1.26174339355	1.89070942829
YHR197W	96.0342666904	1.34904644782	0.338478369326	3.98562085521	6.73039093228e-05	0.00174699120307	1.34904644782	1.98242622449
YHR208W	284.313474195	0.98479206796	0.272582268008	3.6128251304	0.000302878972285	0.00637905624962	0.98479206796	2.45379744228
YIL011W	32.0625182649	-3.13120968318	0.516901259709	-6.05765535365	1.38119926375e-09	1.300493895e-07	-3.13120968318	1.50599762986
YIL051C	260.136352457	-1.15635165691	0.278152343485	-4.15726016334	3.22087125845e-05	0.000978900239435	-1.15635165691	2.41520104642
YIL053W	1286.13767086	-0.870648756568	0.241792566211	-3.60080861959	0.000317229027612	0.00662319039389	-0.870648756568	3.10928745886
YIL070C	99.7998000034	1.12167790938	0.36392856917	3.08213755225	0.00205519843925	0.0281169883341	1.12167790938	1.99912967097
YIL094C	80.0349256908	-3.13172142642	0.374499826041	-8.36241089756	6.14493918911e-17	1.63933322145e-14	-3.13172142642	1.90327954605
YIL111W	7.3124933292	-2.23131286905	0.644557974701	-3.46177218595	0.000536631186476	0.009911165221	-2.23131286905	0.864065482906
YIL114C	42.1458256427	1.5773904254	0.428414281	3.68192773995	0.000231477025908	0.00519417139445	1.5773904254	1.62475456615
YIL121W	25.5632982297	-2.79550045219	0.515395097162	-5.42399504298	5.82814987073e-08	3.88705217767e-06	-2.79550045219	1.40761688667
YIL123W	613.352418337	-1.89360378609	0.321310039561	-5.89338505787	3.78363319993e-09	3.13258734932e-07	-1.89360378609	2.78771008196
YIL124W	61.7803615541	-1.27115573802	0.364823073168	-3.48430741231	0.000493412413638	0.00932821421375	-1.27115573802	1.79085044557
YIL125W	176.897299117	-0.814160373501	0.292772919806	-2.78085956188	0.00542151849335	0.0581314574439	-0.814160373501	2.24772120211
YIL155C	20.4133545188	-1.86511632976	0.536463328581	-3.47668932879	0.000507645669361	0.00955966472264	-1.86511632976	1.30991437803
YIL162W	126.585727986	1.98880887163	0.333774261487	5.9585447445	2.54493971744e-09	2.30581141946e-07	1.98880887163	2.10238474355
YIR034C	26.8288224364	-1.97805785335	0.490887665116	-4.02955297906	5.58830206131e-05	0.00154224290221	-1.97805785335	1.42860161115
YIR035C	40.59968189	1.16923915597	0.432569311741	2.70300995524	0.00687146882861	0.0686004019022	1.16923915597	1.60852263077
YIR038C	61.0954601387	1.19580727748	0.375280989784	3.18643179385	0.00144039446	0.0214606948273	1.19580727748	1.78600894003
YJL012C	400.478412844	-2.18722456266	0.261478121163	-8.36484732617	6.01928173263e-17	1.63933322145e-14	-2.18722456266	2.60257911109
YJL016W	16.7294566927	-1.72270507596	0.544221790188	-3.16544671129	0.00154845022204	0.0226696889214	-1.72270507596	1.223481837
YJL020C	148.330763754	-0.770560838044	0.302702408777	-2.54560524033	0.0109088475407	0.0946691377439	-0.770560838044	2.17123123291
YJL042W	40.531418399	-1.82479149644	0.424934818563	-4.29428565683	1.75256705332e-05	0.000580401861381	-1.82479149644	1.60779180216
YJL055W	24.8613753929	-1.26213788627	0.486376089941	-2.59498341381	0.009459548379	0.0850650773707	-1.26213788627	1.39552515122
YJL060W	58.1521327467	-1.74566645357	0.37735916009	-4.62600789433	3.72781095591e-06	0.000157025861494	-1.74566645357	1.76456564724
YJL078C	204.468192235	-0.777250731161	0.304144485186	-2.55553123275	0.0106025845512	0.0930778994786	-0.777250731161	2.31062575728
YJL079C	65.2244327302	-3.01344378129	0.639748612533	-4.71035610277	2.47284342225e-06	0.000113091372511	-3.01344378129	1.81441031064
YJL088W	35.3308825794	2.45091014507	0.482446431674	5.0801705312	3.77096205713e-07	2.05774543163e-05	2.45091014507	1.54815448642
YJL108C	6.35372941557	2.17996877397	0.650329660882	3.35209802827	0.000802016151074	0.0137056283184	2.17996877397	0.803028715712
YJL122W	45.292860908	1.32419084362	0.420320517434	3.15043113219	0.00163029687155	0.0234052947654	1.32419084362	1.65602975361
YJL130C	1061.59748464	-1.03142854742	0.291215622568	-3.54180362416	0.00039740120811	0.00788562231959	-1.03142854742	3.02595988084
YJL133C-A	12.0167493526	-2.1345753892	0.593806168849	-3.59473427724	0.000324722829922	0.00675029882808	-2.1345753892	1.07978700268
YJL151C	44.9411344623	-1.16915584078	0.401032419899	-2.91536490012	0.00355272886522	0.0418142255166	-1.16915584078	1.65264403125
YJL172W	190.305307763	-1.60600506127	0.287943076128	-5.57750887038	2.43987346866e-08	1.80250344562e-06	-1.60600506127	2.27945090127
YJL174W	120.281970173	-0.812553198857	0.307181923166	-2.64518559713	0.0081646121247	0.077026458591	-0.812553198857	2.08020053307
YJL190C	1187.66735639	0.654374766572	0.243913477332	2.68281512661	0.00730053353756	0.0716831647292	0.654374766572	3.07469481984
YJL198W	91.6976187005	0.915473522888	0.336241652073	2.72266543197	0.00647576020906	0.0658826282286	0.915473522888	1.9623580576
YJL200C	59.726938202	-1.47551342037	0.378166622995	-3.90175475743	9.54978842403e-05	0.00237606652913	-1.47551342037	1.77617025196
YJL213W	28.3311874203	3.86963628374	0.60131669041	6.43527170533	1.23252651921e-10	1.34513462392e-08	3.86963628374	1.45226477711
YJL217W	57.5058390182	-4.01491035475	0.47752270165	-8.4077894954	4.17810144834e-17	1.25395269718e-14	-4.01491035475	1.75971194425
YJR003C	54.1089866284	1.57120731612	0.401008457382	3.91814009705	8.92348403095e-05	0.00224348535689	1.57120731612	1.73326940039
YJR010W	9.70004177816	-1.82421066268	0.613631094622	-2.97281327278	0.0029508390928	0.0364078743167	-1.82421066268	0.98677360478
YJR044C	41.2957098582	-1.13330353674	0.40776525336	-2.77930384553	0.00544755432107	0.0581314574439	-1.13330353674	1.61590493588
YJR048W	109.950539802	2.05231317978	0.335710777425	6.1133371872	9.75689098039e-10	9.56175316079e-08	2.05231317978	2.04119736587
YJR063W	57.6894892651	1.13850389713	0.389314425256	2.92438148517	0.00345141478946	0.0412280940771	1.13850389713	1.76109669409
YJR096W	9.57518212473	-2.41590591668	0.623143510545	-3.87696553972	0.000105767331598	0.00260458834017	-2.41590591668	0.981147043216
YJR104C	475.630046501	-1.36656530961	0.330797274131	-4.13112627121	3.60990210799e-05	0.00107669254177	-1.36656530961	2.67726928206
YJR109C	156.609018988	-1.29857836932	0.334529380603	-3.88180663528	0.000103683307914	0.0025664290959	-1.29857836932	2.19481676911
YJR127C	18.6009814763	-1.62472420465	0.537808428768	-3.02100918792	0.00251933715166	0.033030496809	-1.62472420465	1.26953586027
YJR137C	51.6558321306	-1.55922382635	0.387890779376	-4.01974965441	5.8260016007e-05	0.00157171121835	-1.55922382635	1.71311936204
YJR139C	714.999310608	-0.813708350054	0.263879138839	-3.08364031213	0.00204484658167	0.0280552951005	-0.813708350054	2.85430562306
YJR148W	300.487087919	-0.782131548894	0.263150571885	-2.97218259224	0.00295690774334	0.0364078743167	-0.782131548894	2.47782581489
YKL009W	134.94084305	1.13239476409	0.305253611034	3.70968507222	0.00020751721688	0.00476793146152	1.13239476409	2.1301434191
YKL016C	106.647422939	0.937556136008	0.325288964834	2.8822254591	0.00394877077486	0.0452553633911	0.937556136008	2.02795036549
YKL021C	79.112082389	1.0375966928	0.351856833667	2.94891726837	0.00318889329628	0.0385719536743	1.0375966928	1.89824281617
YKL027W	62.5698677825	1.16470339275	0.372417067237	3.12741680018	0.00176349725117	0.0245458371018	1.16470339275	1.79636523726
YKL029C	332.804354052	1.90272255403	0.268783028695	7.07902788086	1.45169179869e-12	2.17844500541e-10	1.90272255403	2.52218899949
YKL035W	299.675926585	-0.982225321161	0.271342621168	-3.61987113168	0.000294749774305	0.00626278060271	-0.982225321161	2.47665185682
YKL078W	39.1087105437	1.50423410253	0.441129924955	3.40995706126	0.000649731079698	0.0115129470284	1.50423410253	1.59227349703
YKL099C	29.248776861	1.41708955762	0.486822370941	2.91089654503	0.00360393325172	0.0422099694506	1.41708955762	1.46610770927
YKL100C	39.7934908462	-1.45190115082	0.425348888957	-3.41343586057	0.000641492564534	0.0114090640552	-1.45190115082	1.59981203889
YKL103C	54.2489779289	-2.05482022349	0.388465597726	-5.28958094494	1.2259691784e-07	7.54756922392e-06	-2.05482022349	1.73439156033
YKL106W	39.90843615	1.11314149579	0.423804870481	2.62654248057	0.00862572249769	0.0798087079652	1.11314149579	1.60106470988
YKL120W	33.6687220015	1.58994211806	0.456190294941	3.48526072496	0.000491657724022	0.00932821421375	1.58994211806	1.52722663174
YKL128C	39.8614691811	-1.04784867372	0.41549683739	-2.52191732747	0.0116717135665	0.0991992363656	-1.04784867372	1.60055330153
YKL142W	51.7585794568	-1.32384045644	0.398149436737	-3.32498387361	0.000884236493792	0.0148986092744	-1.32384045644	1.71398234837
YKL150W	134.911515605	1.13524608997	0.31199336744	3.63868661468	0.000274032020895	0.00598137165609	1.13524608997	2.13004902121
YKL157W	212.128738832	-1.13195148306	0.280415168979	-4.03669846812	5.42086688062e-05	0.0015046822405	-1.13195148306	2.32659950996
YKL163W	8.83648702348	1.71485459935	0.631237468039	2.71665527821	0.00659452531736	0.0665271230546	1.71485459935	0.946279644024
YKL164C	664.372633779	-1.25086705873	0.307913886786	-4.06239248181	4.85723214831e-05	0.00137202522213	-1.25086705873	2.82241173509
YKL166C	24.5647535924	1.70706060799	0.515280948715	3.31287351541	0.00092342730941	0.0153435914872	1.70706060799	1.39031241211
YKL172W	129.052907735	1.18465152217	0.310044196254	3.82091178124	0.000132959209312	0.00320839257846	1.18465152217	2.11076779423
YKL187C	7.19645556537	2.04399301087	0.645653317334	3.16577481443	0.00154670480945	0.0226696889214	2.04399301087	0.857118648179
YKL197C	17.6453248845	-1.454780918	0.545140975337	-2.66863248923	0.00761607342423	0.0735862868876	-1.454780918	1.24662965897
YKL201C	37.3914501338	2.3209578526	0.469716208987	4.9411917413	7.76465020028e-07	4.00923121094e-05	2.3209578526	1.5727723085
YKL205W	83.6671686174	1.02948634149	0.369373374313	2.78711572918	0.00531794835214	0.0579065487233	1.02948634149	1.92255507226
YKL210W	560.926664797	-1.05737387821	0.264616216193	-3.99587709861	6.44551679304e-05	0.00169608402233	-1.05737387821	2.74890608558
YKL215C	57.7338171079	-1.12200426411	0.371778884383	-3.01793434549	0.00254504036221	0.033030496809	-1.12200426411	1.7614302721
YKL216W	339.36403234	-0.766447524372	0.268087754188	-2.85894268723	0.00425055572351	0.048367698067	-0.766447524372	2.53066581151
YKR001C	254.015712401	-0.677490656085	0.266184762132	-2.54518947914	0.0109218455456	0.0946691377439	-0.677490656085	2.40486058118
YKR024C	45.7269174457	1.06663774824	0.41213091232	2.58810420756	0.00965057805928	0.0861376874362	1.06663774824	1.6601719256
YKR039W	7.60731328256	-2.22119216063	0.644550892791	-3.44610826774	0.000568722454805	0.0102481591661	-2.22119216063	0.881231301635
YKR046C	109.1090583	2.46895190449	0.350482172348	7.04444362449	1.86204016633e-12	2.7095505693e-10	2.46895190449	2.03786080747
YKR056W	76.3807297066	0.912364546826	0.354015900255	2.57718522295	0.00996085591728	0.0887421708994	0.912364546826	1.88298380311
YKR066C	125.680710502	-1.25232612042	0.368775728832	-3.39590168904	0.000684029233648	0.011944394109	-1.25232612042	2.09926862721
YKR081C	100.720922724	0.929348406494	0.330686054964	2.8103646723	0.00494853946612	0.0545020332943	0.929348406494	2.00311969578
YKR093W	536.265009521	0.885371416027	0.294967539793	3.00158931606	0.00268574238366	0.0341277478831	0.885371416027	2.72937946083
YLL011W	62.2138139331	1.07765801215	0.378475167281	2.84736782043	0.00440823962864	0.0496910016356	1.07765801215	1.79388682599
YLL012W	57.1277185392	2.19766967566	0.408778529387	5.37618665773	7.60799210616e-08	4.93697001267e-06	2.19766967566	1.75684688036
YLL019C	14.6725945037	-1.8664689106	0.559787653253	-3.33424451175	0.000855314348048	0.0145131431072	-1.8664689106	1.16650691541
YLL026W	314.724118221	-1.17205579055	0.265707438627	-4.4110763199	1.02858053147e-05	0.000371371707679	-1.17205579055	2.49793002543
YLR002C	79.3279497741	0.892187411299	0.348094682914	2.56305957859	0.0103754242621	0.0913854575124	0.892187411299	1.89942623012
YLR003C	46.980259729	1.10685728934	0.407793530082	2.71425907398	0.00664241966667	0.0668698097261	1.10685728934	1.67191541343
YLR027C	283.992105271	-1.0025985665	0.277205547478	-3.61680556403	0.000298261175707	0.0063094720958	-1.0025985665	2.45330626721
YLR043C	156.525375157	-0.95070498549	0.291815338505	-3.25789929467	0.00112240229937	0.0175562730996	-0.95070498549	2.19458475337
YLR046C	38.173987013	4.10010531229	0.568711113102	7.2094693032	5.61703580487e-13	9.3010365293e-11	4.10010531229	1.58176752142
YLR084C	39.6782087613	1.45393987674	0.447471850964	3.24923204355	0.00115717041789	0.0179829525783	1.45393987674	1.59855205807
YLR099C	26.4268017586	1.24601220789	0.483822152641	2.57535170949	0.0100138202734	0.0890456614977	1.24601220789	1.42204460685
YLR103C	14.5610362327	1.49400255807	0.568288704136	2.62894994603	0.00856489665231	0.0793989068038	1.49400255807	1.16319228254
YLR113W	88.4898253243	-0.859623034133	0.328915372742	-2.61350823151	0.00896179248796	0.0821269609297	-0.859623034133	1.94689333782
YLR129W	127.324518902	1.06431398664	0.312223201388	3.40882414219	0.000652435235853	0.0115183603036	1.06431398664	2.10491204386
YLR154W-A	3.62806960853	-1.75498896024	0.633475319421	-2.77041410524	0.00559850643443	0.0593466399517	-1.75498896024	0.559675610889
YLR172C	147.719083064	0.947294821701	0.300730386503	3.14998039512	0.00163281419125	0.0234052947654	0.947294821701	2.16943660319
YLR178C	14.3866994647	-2.34051541607	0.581617447821	-4.02414924937	5.71816467514e-05	0.0015533689947	-2.34051541607	1.15796117137
YLR179C	387.998796387	1.36235257847	0.296341649391	4.59723626856	4.28132033767e-06	0.000175717096252	1.36235257847	2.58883037837
YLR205C	18.2713612704	2.66470689485	0.583601129712	4.56597281805	4.97183194087e-06	0.000200628041849	2.66470689485	1.26177090478
YLR209C	37.7871824756	1.13278066493	0.434869915957	2.60487245349	0.00919084668889	0.0834295461298	1.13278066493	1.57734451084
YLR222C	114.907575708	0.866768859705	0.315335488492	2.74871966949	0.00598285303609	0.0620511021151	0.866768859705	2.06034866211
YLR231C	28.7873069373	-1.25380530754	0.461480032791	-2.71692211678	0.00658921111925	0.0665271230546	-1.25380530754	1.45920103838
YLR251W	4.85050254492	-1.71761091179	0.650316871302	-2.64119076037	0.00826151883349	0.0774977753518	-1.71761091179	0.685786736783
YLR256W	95.6478822729	-2.03690813186	0.344601152072	-5.9109150379	3.40212488734e-09	2.86614100158e-07	-2.03690813186	1.98067535881
YLR258W	33.4534848719	-2.90876693296	0.472851339085	-6.15154635829	7.67310902948e-10	7.83963182118e-08	-2.90876693296	1.52444136521
YLR286C	357.796040866	-3.39511535818	0.281061401019	-12.0796215556	1.35341201163e-33	1.29981689597e-30	-3.39511535818	2.55363553064
YLR287C-A	40.6604929495	1.36244081687	0.483951194939	2.81524424595	0.00487401748198	0.0538046711459	1.36244081687	1.60917263952
YLR290C	11.9654579604	-1.68561689109	0.582401905072	-2.89425030448	0.0038006505777	0.0440838745752	-1.68561689109	1.07792932525
YLR299W	27.1372516013	-1.44886591279	0.468174975092	-3.09471028968	0.00197005223933	0.0271844564749	-1.44886591279	1.4335658612
YLR303W	252.691594984	-2.76279813472	0.286757675031	-9.63460920244	5.71088859093e-22	3.91766957337e-19	-2.76279813472	2.40259079668
YLR344W	372.171382911	0.704339643924	0.254118617735	2.77169634481	0.00557650298854	0.0592441755552	0.704339643924	2.57074297621
YLR345W	11.6045174819	-1.85722377036	0.589289857123	-3.15163030199	0.00162361701404	0.0234052947654	-1.85722377036	1.06462708712
YLR354C	450.383234957	-1.23837282949	0.268512257059	-4.61197877165	3.98853736448e-06	0.000165111693312	-1.23837282949	2.65358221599
YLR355C	2035.92409082	0.811453147987	0.277916923071	2.91976875326	0.00350291209019	0.0415608298767	0.811453147987	3.30876158135
YLR356W	17.7139925078	-1.78071784018	0.541345500978	-3.28942946226	0.00100390716113	0.0163971502984	-1.78071784018	1.24831645666
YLR359W	307.566670019	1.06553259982	0.317106967654	3.36016773047	0.000778951656537	0.013406902705	1.06553259982	2.48793927063
YLR367W	76.3458082461	-1.84683910432	0.371392383301	-4.97274361931	6.60119366393e-07	3.44553608415e-05	-1.84683910432	1.88278519718
YLR401C	65.7289796312	0.974127524956	0.375026510854	2.59748976876	0.00939079178137	0.0846052197638	0.974127524956	1.8177568904
YLR409C	103.641872368	1.12858522751	0.33246933723	3.39455432766	0.000687404000545	0.0119598333718	1.12858522751	2.01553525024
YLR411W	35.2250443727	4.24183506723	0.592031848545	7.1648764803	7.78567209759e-13	1.24622658042e-10	4.24183506723	1.54685154886
YLR420W	113.380568724	-0.862044539122	0.332917074471	-2.58936715845	0.00961525135953	0.0860152740673	-0.862044539122	2.05453863111
YLR432W	544.825290036	-1.5951565189	0.245269678035	-6.50368415565	7.83763687868e-11	8.75263541661e-09	-1.5951565189	2.73625725872
YLR435W	37.2556810202	1.63798535345	0.448269470839	3.65401942359	0.000258166724559	0.00568677344648	1.63798535345	1.57119250655
YLR439W	46.093390683	1.49281302807	0.41591621191	3.58921577309	0.000331674233372	0.00686508477868	1.49281302807	1.6636386565
YLR459W	39.1225109054	-1.10707099681	0.422609909018	-2.61960491979	0.00880316881785	0.0810261570689	-1.10707099681	1.59242672028
YLR460C	32.8590105865	2.28780425032	0.495810303352	4.6142733115	3.94473052147e-06	0.000164718225775	2.28780425032	1.51665448231
YML002W	11.2033529537	2.16410614942	0.624323750512	3.4663203949	0.000527634120034	0.00985875114554	2.16410614942	1.04934801833
YML035C	102.204770967	-0.885850112509	0.32269381994	-2.74517222757	0.00604791486892	0.0624561015066	-0.885850112509	2.00947116934
YML070W	126.089804532	-1.05738563744	0.322863685939	-3.27502188536	0.00105653788254	0.0170251507112	-1.05738563744	2.10067997147
YML075C	250.003658527	2.02783961346	0.285733228596	7.09696811751	1.27523462159e-12	1.97537956545e-10	2.02783961346	2.39794636414
YML078W	145.845388776	-0.747089082237	0.293976771798	-2.54132011066	0.0110434758524	0.0953790846099	-0.747089082237	2.1638927025
YML081C-A	7.54574766601	1.87104744448	0.650598300953	2.87588738203	0.00402893429989	0.0460641488288	1.87104744448	0.877702278059
YML086C	142.45744415	-0.796229378645	0.306991399165	-2.59365370108	0.00949620825576	0.0852351253162	-0.796229378645	2.15368514834
YML091C	65.6769908158	1.22061891057	0.408633640962	2.98707396605	0.0028166156707	0.0354997072197	1.22061891057	1.81741324609
YML100W	73.517645465	-3.32589213514	0.387263961047	-8.58817878676	8.83587014442e-18	3.26383449488e-15	-3.32589213514	1.86639158954
YML116W	21.4857934995	-1.7289025453	0.526175786012	-3.28578887752	0.00101697202695	0.0164983097075	-1.7289025453	1.3321513974
YML123C	1468.28069854	-4.55862319516	0.26851683621	-16.9770479181	1.21442936109e-64	2.91584489598e-61	-4.55862319516	3.16680908976
YML126C	736.442183212	1.16441485031	0.236963520733	4.91389918036	8.92826746418e-07	4.41995261474e-05	1.16441485031	2.86713865682
YML128C	13.6420522944	-2.01267546714	0.581967347186	-3.45839930174	0.000543395364013	0.00997666844975	-2.01267546714	1.13487970999
YML131W	59.8079869475	-1.94993010697	0.395931906767	-4.9249127783	8.43979913123e-07	4.2216578571e-05	-1.94993010697	1.77675918492
YMR006C	259.533565585	1.39260410005	0.297497987376	4.68105385294	2.85403947184e-06	0.000124591795853	1.39260410005	2.4141935333
YMR008C	117.846441795	1.36694855362	0.320744583	4.26179778574	2.02788901358e-05	0.000653551882093	1.36694855362	2.07131647416
YMR009W	25.9378967374	1.79879836268	0.507472499051	3.54462235106	0.000393175977078	0.00783415370095	1.79879836268	1.41393475693
YMR011W	440.810133954	1.39818640767	0.283883470003	4.92521247418	8.42687370516e-07	4.2216578571e-05	1.39818640767	2.64425157012
YMR014W	35.4888249571	1.18401400384	0.442329500798	2.67676924487	0.00743358122254	0.0725529614444	1.18401400384	1.55009162
YMR015C	244.981203597	0.851470046624	0.269459908569	3.15991366266	0.00157815896506	0.0229646040916	0.851470046624	2.38913276401
YMR027W	80.8803044613	-1.09241706422	0.336834891313	-3.24318261675	0.00118202422584	0.0182510621624	-1.09241706422	1.90784277742
YMR038C	105.082975872	-1.61249392071	0.319172779922	-5.05210350676	4.36970776277e-07	2.34122301653e-05	-1.61249392071	2.02153236319
YMR049C	169.430346648	0.875136784215	0.29038568544	3.01370497271	0.00258078640437	0.0333143449296	0.875136784215	2.22899119939
YMR062C	33.8473267872	-1.57104648713	0.44910135167	-3.49820030888	0.000468409188597	0.00905577120998	-1.57104648713	1.52952437443
YMR086W	37.5895961593	-1.13388847072	0.430068497542	-2.63652994163	0.00837588078984	0.0780989894229	-1.13388847072	1.57506765993
YMR120C	216.61265748	1.70743356194	0.566924210055	3.01174924559	0.00259747065081	0.0333415348417	1.70743356194	2.33568383047
YMR134W	25.7514550714	1.5886260495	0.505982814527	3.13968380721	0.00169130275796	0.0240285084134	1.5886260495	1.41080177363
YMR145C	343.21746523	1.159268549	0.277712367366	4.17434974175	2.98838375209e-05	0.000914026673728	1.159268549	2.53556937958
YMR170C	11.3646393503	-2.56054899116	0.608320813613	-4.20920825634	2.56267103454e-05	0.000799087422588	-2.56054899116	1.05555565822
YMR189W	110.545707061	-3.36299942669	0.356819565787	-9.42492999024	4.30392591464e-21	2.58343153027e-18	-3.36299942669	2.04354188182
YMR195W	68.9921145668	-1.87745569656	0.381107253062	-4.92631846145	8.3793389485e-07	4.2216578571e-05	-1.87745569656	1.83879945602
YMR196W	22.0841094254	-2.09596460369	0.512121778115	-4.09270742481	4.26365551931e-05	0.0012408529578	-2.09596460369	1.34407989038
YMR202W	402.462268921	0.870147141802	0.251251909213	3.46324588947	0.000533700434213	0.00989509453703	0.870147141802	2.60472517124
YMR235C	230.869351848	0.841219632527	0.272293002314	3.08939130047	0.00200567084902	0.0275966516246	0.841219632527	2.36336628369
YMR239C	19.7609617405	1.58689660841	0.534673963047	2.96797061028	0.00299772992121	0.0367783042863	1.58689660841	1.29580807732
YMR242C	1241.91171757	1.47567574017	0.23048363437	6.4025185311	1.52834571272e-10	1.63091469166e-08	1.47567574017	3.09409072472
YMR243C	296.267078909	0.945765649513	0.262359769963	3.60484250175	0.000312342288337	0.00654964047421	0.945765649513	2.47168339552
YMR250W	26.8128957373	-2.07214086203	0.491889668391	-4.21261310247	2.52433242127e-05	0.000794826511081	-2.07214086203	1.42834371942
YMR251W	3.50848961039	-1.78460434592	0.639308248463	-2.79146147451	0.00524706035758	0.0572645087206	-1.78460434592	0.5451201948
YMR260C	101.698085872	1.04283277964	0.325388296806	3.20488717597	0.00135115432094	0.0203393199032	1.04283277964	2.00731277885
YMR262W	7.95594757367	-1.71349052494	0.62889031507	-2.72462539791	0.00643744795192	0.0656319003506	-1.71349052494	0.900691912645
YMR290C	185.121169149	0.900714424914	0.303526215171	2.96750125655	0.00300231055399	0.0367783042863	0.900714424914	2.26745608444
YMR295C	107.33535015	-0.980555242434	0.324730794294	-3.01959425981	0.00253113517585	0.033030496809	-0.980555242434	2.03074277739
YMR297W	302.504579731	-1.89466835692	0.277907662168	-6.81761827701	9.25621913435e-12	1.20969445449e-09	-1.89466835692	2.48073195399
YMR300C	99.1412670177	1.09724942702	0.368454909026	2.97797478103	0.00290159858233	0.0362850947717	1.09724942702	1.99625446485
YMR303C	334.964875271	-2.9795134835	0.635973616358	-4.68496397785	2.80009174219e-06	0.000123754532546	-2.9795134835	2.5249992689
YMR316W	18.9733626527	2.20882347589	0.565671032471	3.90478449329	9.43093890894e-05	0.0023587171167	2.20882347589	1.27814430781
YMR319C	28.8739801558	-1.88488549129	0.471681344193	-3.9960993041	6.43947306789e-05	0.00169608402233	-1.88488549129	1.46050665366
YNL002C	114.870394612	1.07335271822	0.320096641837	3.35321455441	0.00079878759643	0.0136992072788	1.07335271822	2.06020811299
YNL007C	212.666972957	-0.788978684007	0.311419545239	-2.5334912213	0.0112932568971	0.0966670581458	-0.788978684007	2.32770004949
YNL014W	19.7400994511	-1.59271149754	0.623952728888	-2.55261564507	0.0106917409148	0.0933486179507	-1.59271149754	1.29534933632
YNL036W	95.9832750237	-2.1532293221	0.649878146604	-3.31328162573	0.000922080814638	0.0153435914872	-2.1532293221	1.98219556431
YNL037C	220.947454035	-1.01454060148	0.269899772399	-3.75895315682	0.000170625776463	0.00403618216047	-1.01454060148	2.34428900158
YNL052W	106.82354323	1.61141205201	0.364309119982	4.42319986963	9.72496965927e-06	0.00035648323896	1.61141205201	2.02866697899
YNL055C	466.203063127	-1.89294729194	0.256612142821	-7.37668635294	1.62277691009e-13	2.88613878603e-11	-1.89294729194	2.66857512267
YNL061W	177.184483867	0.953688133836	0.291957526949	3.26653038818	0.00108874122099	0.0172545720898	0.953688133836	2.24842568783
YNL066W	133.944649808	-1.21834935009	0.32449540228	-3.75459664922	0.00017362084222	0.00406696236263	-1.21834935009	2.12692537113
YNL071W	361.967851718	-0.860399831977	0.285418410279	-3.01452114156	0.00257385271967	0.0333143449296	-0.860399831977	2.55867000025
YNL098C	86.9401075791	-1.43616929875	0.335459627323	-4.28119863546	1.8588933693e-05	0.000607238500637	-1.43616929875	1.93922017325
YNL110C	73.3977481879	1.33375495025	0.36014379595	3.70339560267	0.000212732748486	0.00486448884871	1.33375495025	1.86568273615
YNL111C	118.851477203	2.26201072632	0.341415957833	6.62538078384	3.46354168297e-11	3.95998265753e-09	2.26201072632	2.07500458394
YNL112W	311.384696776	0.693126064622	0.273237349982	2.53671785599	0.0111897096014	0.0959517598323	0.693126064622	2.49329726504
YNL113W	41.5667753286	1.26467413772	0.427281160829	2.95981722027	0.00307821611881	0.03747316204	1.26467413772	1.61874633407
YNL115C	18.8527225603	-1.38851230871	0.520168564522	-2.66935067479	0.00759980577028	0.0735771518324	-1.38851230871	1.27537407643
YNL132W	217.458234627	0.793319294411	0.286756664413	2.76652434926	0.00566573536172	0.0595930409135	0.793319294411	2.33737585801
YNL134C	187.987776843	-3.46255074325	0.32909961025	-10.5212848494	6.89271546945e-26	5.51646994738e-23	-3.46255074325	2.27412961191
YNL141W	120.007719888	1.83225155265	0.325067898355	5.6365195146	1.73521380645e-08	1.32261852359e-06	1.83225155265	2.07920918436
YNL160W	61.1742936864	-3.44576367313	0.436241669288	-7.89874951366	2.81715372388e-15	6.14907826458e-13	-3.44576367313	1.78656896372
YNL182C	78.1477591134	1.29450799373	0.387513118762	3.34055269628	0.000836118117422	0.0142377276591	1.29450799373	1.89291652914
YNL212W	43.9894368829	-1.29687088656	0.404422221648	-3.20672509358	0.00134255225889	0.0202733834817	-1.29687088656	1.64334840253
YNL220W	229.252542952	1.01913385526	0.285795182898	3.56595882731	0.000362528289042	0.00734540440497	1.01913385526	2.36031416172
YNL244C	118.080981908	0.918216478905	0.332036147937	2.76541118974	0.00568510831256	0.0596067469801	0.918216478905	2.07217995589
YNL248C	172.618853492	0.983273617879	0.297844533281	3.30129818751	0.000962385417389	0.0158810129701	0.983273617879	2.23708822777
YNL281W	106.205688569	0.83688867652	0.319557650283	2.61889732817	0.00882144936814	0.0810261570689	0.83688867652	2.02614777897
YNL322C	186.930414026	-0.782787426751	0.307683658826	-2.54413064944	0.0109550100777	0.0947855106185	-0.782787426751	2.27167996788
YNL327W	283.847662035	-0.962716823396	0.275255512528	-3.49753875791	0.000469572476319	0.00905577120998	-0.962716823396	2.45308532143
YNR004W	7.0832655595	1.72457969155	0.643142600724	2.68148881696	0.00732953641858	0.0716831647292	1.72457969155	0.850233524287
YNR015W	42.7249967479	1.11779263327	0.422508274556	2.64561122369	0.00815434748796	0.077026458591	1.11779263327	1.63068203834
YNR019W	133.66608458	1.36751509008	0.322762613151	4.23690673689	2.26620210592e-05	0.000720682285604	1.36751509008	2.12602122665
YNR050C	71.2044138901	-1.6673593803	0.369156675136	-4.51667135556	6.28192856844e-06	0.000247260827751	-1.6673593803	1.85250691595
YNR053C	107.274614102	1.1170802605	0.335655111996	3.32805972732	0.000874531149015	0.0147869668224	1.1170802605	2.03049696092
YNR060W	68.7011207968	4.53892395746	0.510967317795	8.88300249231	6.50795048664e-19	2.84101620335e-16	4.53892395746	1.83696382224
YNR066C	24.4973108888	1.67481292866	0.545063549122	3.07269295728	0.00212136635571	0.0289323696313	1.67481292866	1.38911841374
YNR067C	146.974539938	-1.40581678063	0.299030342355	-4.70125128293	2.58572078766e-06	0.000116978640622	-1.40581678063	2.16724210943
YOL004W	158.400500837	-0.874106487577	0.290208918034	-3.01199044295	0.00259540768594	0.0333415348417	-0.874106487577	2.19975655042
YOL014W	12.5413553908	1.74327687383	0.597719699761	2.91654578983	0.00353930767634	0.0417586129282	1.74327687383	1.09834447485
YOL021C	113.037015166	0.875608103345	0.320328284221	2.73347108725	0.00626706253112	0.0641672372589	0.875608103345	2.05322068109
YOL058W	113.897787641	1.04005393898	0.321477686434	3.23522901548	0.00121545198284	0.0185158358247	1.04005393898	2.05651528839
YOL077C	126.913610181	0.827862113218	0.311241605942	2.65986968777	0.00781708895271	0.0748416376097	0.827862113218	2.10350819821
YOL101C	5.53878827927	-1.64675975764	0.648198549697	-2.54051749793	0.0110688554833	0.0954266499654	-1.64675975764	0.743414764515
YOL126C	43.9932263186	-1.48609905572	0.405461249509	-3.66520612641	0.000247139451893	0.00549427614811	-1.48609905572	1.64338581287
YOL130W	32.2761387193	-1.23124223247	0.445490970656	-2.76378717767	0.00571347910004	0.0597736963799	-1.23124223247	1.50888157335
YOL140W	24.9371629572	1.52080264227	0.498548216377	3.05046250756	0.0022848920591	0.0307340382851	1.52080264227	1.39684704328
YOL151W	110.864310368	-1.18142473974	0.317871376204	-3.71667544855	0.00020186147929	0.00466028280554	-1.18142473974	2.04479175981
YOL152W	11.1175495972	-1.59666129994	0.596947841242	-2.67470822344	0.00747943134317	0.0728523921093	-1.59666129994	1.04600907559
YOL158C	61.5433678837	1.42085435585	0.39197265341	3.62488133673	0.000289094160443	0.00619745606449	1.42085435585	1.78918125878
YOR004W	50.1212971842	1.00246411142	0.397861827016	2.51962878404	0.0117478656361	0.0996700543898	1.00246411142	1.7000223024
YOR020W-A	10.3184382336	-2.05801433095	0.612367294664	-3.36075154387	0.000777307141189	0.013406902705	-2.05801433095	1.01361396882
YOR028C	17.057660276	-2.15599450769	0.562579818774	-3.83233531624	0.000126932567654	0.00309406187753	-2.15599450769	1.23191946066
YOR032C	4.61430396525	1.80184167088	0.648267840487	2.77947101237	0.00544475128319	0.0581314574439	1.80184167088	0.664106200086
YOR043W	26.6439715228	-1.44604685844	0.476931876657	-3.03197779225	0.00242957077806	0.0321893696746	-1.44604685844	1.42559896081
YOR065W	178.045159135	1.66881093585	0.319248769182	5.22730577827	1.71997919941e-07	1.01967161921e-05	1.66881093585	2.25053017015
YOR086C	118.478115596	-0.871717833529	0.309064030508	-2.82050885086	0.00479475507773	0.0531741660122	-0.871717833529	2.07363813808
YOR099W	194.202882951	-1.06182378515	0.298386345785	-3.55855353355	0.000372902792512	0.00750603098481	-1.06182378515	2.28825567274
YOR124C	39.9219667822	-1.17244305106	0.425211036681	-2.75732036547	0.00582772237701	0.0607043879705	-1.17244305106	1.60121192895
YOR130C	9.90156406898	-2.13078020049	0.614938695174	-3.46502865605	0.000530174983554	0.00986783050785	-2.13078020049	0.995703801959
YOR133W	409.898822103	-5.11919124631	0.549236984563	-9.32055085544	1.15737835171e-20	6.17525649437e-18	-5.11919124631	2.61267667032
YOR136W	327.431951316	-1.07629540771	0.269576828103	-3.99253680401	6.5370183041e-05	0.00170601966828	-1.07629540771	2.51512105627
YOR142W	117.473638417	-1.09223990237	0.312837672156	-3.49139505751	0.000480505187343	0.00920563177769	-1.09223990237	2.06994042002
YOR145C	90.1953243868	1.28435809998	0.344200497011	3.73142430395	0.00019040022336	0.00443835860473	1.28435809998	1.95518402484
YOR153W	983.586271309	-1.82831565397	0.242670621473	-7.53414501876	4.91544755721e-14	9.4415916679e-12	-1.82831565397	2.99281245832
YOR161C	32.3867669306	-2.89063842669	0.487150558144	-5.93376806896	2.96059979218e-09	2.58487276401e-07	-2.89063842669	1.51036759592
YOR167C	69.3990261258	1.10202034239	0.420734297983	2.61927859856	0.00881159508089	0.0810261570689	1.10202034239	1.84135337606
YOR176W	74.5021141218	-1.03892267801	0.350630219227	-2.96301522528	0.00304641500244	0.0372236255515	-1.03892267801	1.87216859675
YOR185C	18.40961937	-1.89344824517	0.528807743054	-3.58059856355	0.00034280799639	0.00700495318582	-1.89344824517	1.2650448093
YOR206W	170.55993873	0.964856866379	0.30837876476	3.12880449836	0.00175519046405	0.0245458371018	0.964856866379	2.23187703134
YOR208W	11.7236805228	2.0019796948	0.615449707708	3.25287293134	0.00114244572869	0.0178117674973	2.0019796948	1.06906397515
YOR209C	116.873253875	-0.822698289069	0.30874142127	-2.66468388233	0.00770607235487	0.0743063442733	-0.822698289069	2.06771513542
YOR212W	4.72467957981	-1.8503171945	0.650478575898	-2.84454748097	0.00444745567684	0.0500156490871	-1.8503171945	0.674372360689
YOR247W	267.690582003	-0.843385959582	0.303439555075	-2.77941997171	0.00544560699009	0.0581314574439	-0.843385959582	2.42763309193
YOR272W	127.789715357	0.878492478547	0.315516795337	2.78429703753	0.00536438825019	0.0579180047992	0.878492478547	2.10649590278
YOR285W	51.9497620831	-2.06254874827	0.395436643057	-5.21587663786	1.82949908591e-07	1.05846441091e-05	-2.06254874827	1.71558356294
YOR287C	18.563926246	1.53933456126	0.549652679369	2.80055864191	0.00510142376841	0.05580190646	1.53933456126	1.26866983431
YOR312C	1060.28890438	1.01688987258	0.230981204402	4.4024788736	1.07021014028e-05	0.000383518589075	1.01688987258	3.02542421666
YOR316C	27.5295267313	-1.27781347656	0.476428390792	-2.68206828403	0.00731685231557	0.0716831647292	-1.27781347656	1.43979874537
YOR317W	191.44609656	-2.48955717883	0.287953031035	-8.6457057593	5.34737464781e-18	2.13984108823e-15	-2.48955717883	2.28204651584
YOR319W	16.903903724	1.88178217682	0.581094762142	3.23833959523	0.00120227606775	0.0185042617864	1.88178217682	1.22798701053
YOR321W	32.450454117	-1.47956778243	0.450271513282	-3.28594578779	0.00101640569749	0.0164983097075	-1.47956778243	1.51122077877
YOR323C	193.280977939	-0.840682955828	0.282077840772	-2.98032257169	0.00287944992092	0.036196645341	-0.840682955828	2.28618911434
YOR342C	45.6081044178	1.23073814197	0.410039639637	3.00151015414	0.00268644079547	0.0341277478831	1.23073814197	1.6590420223
YOR347C	32.182729215	-1.36743506069	0.449139253456	-3.04456813821	0.00233014640233	0.0310656008672	-1.36743506069	1.50762287111
YOR360C	61.2870012347	0.997537814343	0.373057756243	2.67395007247	0.00749636110503	0.0728694858833	0.997537814343	1.7873683719
YOR374W	114.779695679	-2.17617007248	0.324446741801	-6.7073260172	1.98223075886e-11	2.37966802601e-09	-2.17617007248	2.05986506895
YOR382W	37.9567617771	1.09242752464	0.42905847656	2.54610404949	0.0108932713371	0.0946691377439	1.09242752464	1.57928915417
YPL004C	328.785426402	-1.06829783545	0.287284768576	-3.71860241929	0.000200328067026	0.00464722404763	-1.06829783545	2.51691255895
YPL052W	9.9193568399	2.26143393838	0.613587412088	3.68559376192	0.000228170058855	0.0051697043448	2.26143393838	0.996483513894
YPL081W	631.164279817	1.16308793681	0.260339876067	4.46757505758	7.91112579573e-06	0.000299127764339	1.16308793681	2.80014241239
YPL088W	38.3822218789	3.62064788333	0.532856419613	6.79479077303	1.08469832354e-11	1.37071614465e-09	3.62064788333	1.58413011167
YPL091W	158.999231203	-1.25948994986	0.293076491304	-4.29747860109	1.72751931967e-05	0.000576079706461	-1.25948994986	2.20139502441
YPL093W	303.212366864	1.07340032881	0.26569717581	4.039938797	5.34651514981e-05	0.00150140150581	1.07340032881	2.48174691052
YPL111W	140.108758806	1.62407953172	0.360665456595	4.50300826436	6.69982774147e-06	0.000259456232375	1.62407953172	2.14646528577
YPL135W	106.075156008	-0.86663256834	0.328022134584	-2.64199417347	0.00824194737201	0.0774977753518	-0.86663256834	2.02561367917
YPL141C	20.7139032149	1.54279084211	0.521639983029	2.9575778167	0.00310066474939	0.037599475067	1.54279084211	1.31626194269
YPL154C	368.302660909	-1.33677575166	0.252424947283	-5.29573548911	1.18538322107e-07	7.39248081501e-06	-1.33677575166	2.56620485655
YPL171C	4.3325935136	1.74013513512	0.646826058914	2.6902675165	0.00713947611738	0.0705427249293	1.74013513512	0.636747945189
YPL198W	22.0921938229	-2.34581685172	0.639922970066	-3.66578004143	0.000246585805807	0.00549427614811	-2.34581685172	1.34423884479
YPL206C	27.5763914528	-1.33227444495	0.478408571559	-2.78480471328	0.00535599699691	0.0579180047992	-1.33227444495	1.44053743535
YPL214C	14.0176981822	1.4960961819	0.572938885663	2.61126661034	0.0090207537392	0.0824830475837	1.4960961819	1.14667670487
YPL216W	6.58220510343	-1.73991828734	0.644092033793	-2.70135042207	0.00690585354245	0.0687039150628	-1.73991828734	0.818371410912
YPL250C	22.8479145664	-1.41106058308	0.488816337926	-2.8866886673	0.00389319254565	0.0448323995304	-1.41106058308	1.35884656617
YPL262W	169.295655192	-0.885423876658	0.31063424555	-2.85037432074	0.00436678041527	0.0494306607497	-0.885423876658	2.22864581251
YPR006C	5.49197792065	-2.35935884307	0.650602151458	-3.62642336455	0.000287374054367	0.00619745606449	-2.35935884307	0.739728782578
YPR013C	21.6079327775	2.58910344463	0.555515643173	4.66072103719	3.15103560717e-06	0.000136317774645	2.58910344463	1.33461322009
YPR020W	32.6724043788	1.37212574471	0.455701402564	3.01101935826	0.00260372252512	0.0333415348417	1.37212574471	1.5141810956
YPR036W-A	120.272659611	-1.64764449554	0.312176006606	-5.27793443658	1.30648189825e-07	7.84215759423e-06	-1.64764449554	2.08016691471
YPR091C	44.0571963534	-1.01598244276	0.401601317822	-2.5298284584	0.011411830505	0.0975082029985	-1.01598244276	1.6440168567
YPR098C	30.3890497598	-1.31727130597	0.469187457608	-2.8075586519	0.00499185886866	0.0548533324652	-1.31727130597	1.48271712027
YPR119W	45.8476380887	1.25941532306	0.413752159045	3.04388822034	0.00233541897398	0.0310656008672	1.25941532306	1.66131696724
YPR137W	65.4907823913	1.32687718532	0.382245259603	3.47127178687	0.000517999423752	0.00971653606585	1.32687718532	1.8161801788
YPR143W	28.8661438948	1.31047678409	0.486067596511	2.69607929739	0.00701609620997	0.0694665855676	1.31047678409	1.46038877221
YPR144C	75.5217973261	1.11125888535	0.354990102032	3.13039399969	0.0017457198906	0.0245115406861	1.11125888535	1.87807231709
YPR149W	404.077866754	-1.16284588177	0.248242890775	-4.6843068824	2.80908872294e-06	0.000123754532546	-1.16284588177	2.60646506274
YPR154W	35.0830630051	-1.3399763901	0.430001615714	-3.11621245395	0.0018319024035	0.0254242639931	-1.3399763901	1.5450975034
YPR160W	16.8405728799	-2.26221786656	0.573873750231	-3.94201314427	8.08005473042e-05	0.00204212751661	-2.26221786656	1.22635686118
YPR184W	11.5902601492	-2.14774496345	0.600061372235	-3.57920883234	0.000344635991852	0.00701246624098	-2.14774496345	1.06409318403
YPR190C	77.5814185753	1.42956429343	0.355034604522	4.02654917358	5.66014067142e-05	0.00155314260024	1.42956429343	1.88975771641
