	baseMean	log2FoldChange	lfcSE	stat	pvalue	padj	efficiency_lfc	logBaseMean
YAL021C	207.44403838	-0.990603833674	0.34952888672	8.01421903101	0.00464114841666	0.0827701097145	-0.990603833674	2.31690095839
YAL023C	810.805017437	-1.06116946988	0.271169554755	15.2375722977	9.47984964299e-05	0.00592327157004	-1.06116946988	2.90891642754
YAL035W	1211.12516206	-1.50883425822	0.495704239439	9.1695077911	0.00246080744455	0.0557628860398	-1.50883425822	3.08318902703
YAL062W	39.9011930552	2.1569777421	0.753590839992	9.18651274891	0.00243804948155	0.0556858696711	2.1569777421	1.60098588139
YBL005W	77.4823138647	1.4962432122	0.513561052099	8.81686499775	0.00298459000597	0.063129304562	1.4962432122	1.88920258163
YBL017C	337.899700441	-1.15037917154	0.337561098604	11.570169242	0.000670183182354	0.0222141206053	-1.15037917154	2.52878780676
YBL042C	166.54184684	-1.48021214152	0.356371552369	17.2741057551	3.23566310605e-05	0.0024094609102	-1.48021214152	2.22152337639
YBL076C	2059.45558931	-1.08488593608	0.310637548226	12.1403862279	0.000493415566157	0.0176727981272	-1.08488593608	3.31375243114
YBL101C	85.2345811038	-1.70803213679	0.496973280997	11.6596654151	0.000638698269444	0.0214318752636	-1.70803213679	1.9306158311
YBR008C	75.120134406	3.18154121396	0.919832256256	18.5330028268	1.66987678142e-05	0.00139653079751	3.18154121396	1.8757563563
YBR018C	10.6142240491	4.95071924498	1.70705550222	9.77138097651	0.0017724926847	0.0428234232623	4.95071924498	1.02588825064
YBR022W	28.1805508255	-2.38236075349	0.840918519456	8.8062037556	0.00300208010932	0.0632531297452	-2.38236075349	1.44994947771
YBR033W	28.7717751375	-4.38108784499	1.5860565885	10.075647532	0.00150241812909	0.0379867206965	-4.38108784499	1.45896665746
YBR036C	346.290720889	-0.954233418076	0.299947169139	10.0473173463	0.00152569956754	0.0383611268795	-0.954233418076	2.53944085447
YBR072W	20.0604063434	-3.27884189384	1.09410380168	10.8690769018	0.000977832561365	0.0287109663014	-3.27884189384	1.30233972584
YBR083W	29.887766882	4.56465129389	1.42176171058	18.7397938839	1.49823057592e-05	0.00128265220832	4.56465129389	1.47549346716
YBR084W	706.228805437	-0.865646458997	0.275398319423	9.85702604771	0.00169184374271	0.0413860003932	-0.865646458997	2.84894542745
YBR088C	296.035473464	-1.07848878377	0.364999525005	8.6905556919	0.00319863090469	0.0659232738104	-1.07848878377	2.471343755
YBR092C	203.141477161	-2.98794626781	0.642148138711	29.6462886073	5.18518123722e-08	1.12746580822e-05	-2.98794626781	2.30779860614
YBR121C	1527.74421258	-0.916411893976	0.254377603397	12.9382719925	0.000321932044344	0.0128678131842	-0.916411893976	3.1840506472
YBR127C	1491.22990213	-1.03795588976	0.271855277393	14.5051063506	0.000139780132269	0.00737713397099	-1.03795588976	3.17354460357
YBR132C	44.0654434525	-4.36614254752	1.15115547179	23.4636895559	1.27293697288e-06	0.000164754413919	-4.36614254752	1.644098145
YBR148W	11.4849919417	-4.33269042466	1.67518650813	8.60159337747	0.00335869021547	0.0678730111945	-4.33269042466	1.06013069481
YBR162C	907.544635766	-1.65808166253	0.373180690866	19.479886417	1.01664582624e-05	0.000905981428106	-1.65808166253	2.95786799414
YBR165W	54.3280172017	1.65831478999	0.608095023004	7.65090348831	0.00567438954584	0.096268752616	1.65831478999	1.73502385497
YBR196C	5847.45502553	-1.10672968991	0.313497055292	12.38960936	0.000431729565589	0.0162049760703	-1.10672968991	3.76696689021
YBR203W	22.9833757238	2.54041150519	0.777817875444	11.5718089969	0.00066959244369	0.0222141206053	2.54041150519	1.3614138168
YBR208C	50.6845234463	-2.4178869785	0.667917027561	14.80040489	0.000119509839832	0.0066974792714	-2.4178869785	1.70487536746
YBR214W	112.994839184	1.58731592563	0.478393789197	10.992852397	0.000914639353072	0.0278392687132	1.58731592563	2.05305860839
YCL004W	41.4644915214	2.12022989133	0.690067112778	10.6460461496	0.00110306468989	0.0305931615013	2.12022989133	1.617676344
YCL005W-A	32.1319452841	-2.68289822465	0.789739902606	11.5297780661	0.000684901900169	0.0222941720318	-2.68289822465	1.50693701875
YCL037C	424.415567491	-2.04353571596	0.334013154235	36.9590656458	1.20635481414e-09	4.09859048105e-07	-2.04353571596	2.62779130537
YCL040W	601.571807676	1.78121709711	0.500628626734	12.4721222638	0.000413070521649	0.0157024570327	1.78121709711	2.77928747509
YCL064C	559.538586235	-1.31335329796	0.428733077227	10.1858312441	0.00141523907441	0.0366344743262	-1.31335329796	2.7478300412
YCR005C	1433.3251629	-2.02690844393	0.382450952415	28.1135573402	1.14401647655e-07	2.22102627376e-05	-2.02690844393	3.15634472524
YCR011C	286.88021448	-1.18809598341	0.327549316374	13.1172789782	0.000292584675102	0.0121411472813	-1.18809598341	2.45770059691
YCR012W	22272.780751	-1.18808763416	0.338743142602	12.2155574786	0.000473926472207	0.0174071912359	-1.18808763416	4.34777444197
YCR017C	353.26201538	-0.832591795641	0.296684455748	7.85495802187	0.00506815290927	0.0883028179961	-0.832591795641	2.54809694228
YCR021C	25.0702555459	-2.9838072105	1.19544082793	8.4413067409	0.00366792586894	0.0723444097184	-2.9838072105	1.39915876083
YCR024C-B	17.3070532534	10.5535579563	2.56533114735	10.2138752271	0.0013938797669	0.0364285116004	10.5535579563	1.23822312999
YCR037C	205.512827145	2.12763916522	0.427340940559	26.0994500878	3.24276359163e-07	5.03647510975e-05	2.12763916522	2.31283893368
YCR065W	93.7893763269	-1.24869613514	0.44299328352	7.94766512591	0.00481494569866	0.0849806649933	-1.24869613514	1.97215364793
YCR069W	141.370664537	-1.12167598536	0.376600641298	8.83012463539	0.00296298149427	0.0629170601674	-1.12167598536	2.15035929948
YCR073C	50.5206102399	3.38070581779	0.732919072658	27.2941810452	1.74736471183e-07	3.27540502535e-05	3.38070581779	1.70346858777
YCR098C	19.5391627019	-4.3916157304	1.68192138242	7.56227056223	0.00596028521274	0.0993185649621	-4.3916157304	1.29090594926
YDL020C	191.037085882	1.44442100498	0.379175206054	14.8618164828	0.000115681077418	0.0066193930194	1.44442100498	2.28111768469
YDL054C	58.3409193344	-1.88329336729	0.550822456224	12.1897101727	0.000480538487807	0.0174760807551	-1.88329336729	1.76597326844
YDL055C	2973.01355833	-1.36297572253	0.293476594083	21.3775768231	3.77156496516e-06	0.000418412798992	-1.36297572253	3.47319688979
YDL066W	648.182344264	-1.33019502956	0.311604613494	18.1288934861	2.06444976393e-05	0.00165034542893	-1.33019502956	2.81169719718
YDL112W	230.917864191	-2.08329434578	0.35494916773	34.0510743091	5.3684260342e-09	1.62126466233e-06	-2.08329434578	2.36345753196
YDL126C	1780.18260876	-1.2086807898	0.316122262626	14.5184377653	0.000138794452726	0.00737713397099	-1.2086807898	3.25046455394
YDL128W	147.170629407	-1.10942924418	0.362666670405	9.33397742433	0.00224943579132	0.051813275261	-1.10942924418	2.16782114723
YDL148C	230.400313614	-1.09924490765	0.381651421784	8.30046711706	0.00396348827649	0.0755983237578	-1.09924490765	2.3624830659
YDL160C	284.330908156	-1.4704627334	0.308837489231	22.5630167979	2.0336193508e-06	0.000246887267795	-1.4704627334	2.45382407218
YDL171C	665.824632	-1.63082379544	0.446449247101	13.1903737626	0.000281390771499	0.0119503143271	-1.63082379544	2.82335985772
YDL185W	2286.88908423	-1.87591493806	0.297917029212	39.0217747304	4.1910480903e-10	1.75250287837e-07	-1.87591493806	3.35924510152
YDL192W	623.069942381	-1.26996486625	0.285858868459	19.6647781382	9.22868048237e-06	0.000850289950884	-1.26996486625	2.79453680089
YDL197C	46.7956709326	3.23138879735	1.00445265689	13.6505667031	0.000220174858447	0.0102887261427	3.23138879735	1.67020567835
YDL231C	134.53984679	5.36400030524	1.36435694483	40.0003010063	2.53923726901e-10	1.25484489039e-07	5.36400030524	2.12885092878
YDR019C	158.581494325	-1.22211293195	0.420993349964	8.55496293211	0.00344581519012	0.0691197467656	-1.22211293195	2.20025250592
YDR028C	213.171517227	-1.1763951794	0.337698390002	12.1253378377	0.000497413192321	0.0176727981272	-1.1763951794	2.32872917626
YDR046C	359.572494514	-1.66231366427	0.322791418864	26.1788493813	3.11212618295e-07	4.97574056779e-05	-1.66231366427	2.55578646299
YDR074W	391.244314756	1.16914231496	0.313594313118	13.8643831357	0.00019648708719	0.00945224607047	1.16914231496	2.59244803979
YDR097C	105.696255583	-1.52488663432	0.389236406251	15.2081099235	9.62890119275e-05	0.00594803487316	-1.52488663432	2.02405960217
YDR127W	829.828301867	-0.895560602931	0.310046011773	8.31999493158	0.00392110294	0.0750532238798	-0.895560602931	2.91898824266
YDR170C	411.63805507	-1.15280180908	0.347872003787	10.9482130612	0.000936939303612	0.0281392378698	-1.15280180908	2.61451551756
YDR171W	90.6826061559	1.3116500788	0.469236855112	7.7564979985	0.00535196326876	0.0917768843185	1.3116500788	1.95752399296
YDR213W	67.6436270081	-1.54037216339	0.484962456797	9.92662012193	0.00162905394569	0.04025244204	-1.54037216339	1.83022688614
YDR222W	56.6122830337	1.72003021596	0.589002752637	8.96589671455	0.0027506566085	0.060050479212	1.72003021596	1.75291066926
YDR226W	986.621551757	-1.07036303158	0.25161946678	18.0025140101	2.20613427133e-05	0.0017132208427	-1.07036303158	2.99415059796
YDR232W	363.561447617	-1.24635772758	0.336542154707	13.589216935	0.000227488506109	0.0103808082531	-1.24635772758	2.56057782401
YDR234W	182.902607916	-1.16504402052	0.36586882597	10.0909243672	0.00149001343694	0.0378561201596	-1.16504402052	2.26221989791
YDR238C	656.314083822	-0.872806007021	0.298224569622	8.55647620609	0.00344295201129	0.0691197467656	-0.872806007021	2.81711172387
YDR285W	17.3360490055	-4.44922659654	1.62472805607	8.76008900116	0.00307894023461	0.0641268931622	-4.44922659654	1.23895012598
YDR301W	103.963339739	-1.18349267138	0.406591130018	8.43873549097	0.00367311572521	0.0723444097184	-1.18349267138	2.01688022241
YDR309C	71.5659483548	-1.61828139521	0.525911311876	9.26251543126	0.00233891558626	0.053647025852	-1.61828139521	1.8547064307
YDR332W	40.0566960547	2.50157801432	0.996794788183	8.05951609049	0.00452652718349	0.0820206725648	2.50157801432	1.60267512508
YDR341C	1072.80106712	-0.870667495573	0.271263915316	10.2799343628	0.00134484730983	0.0356614145183	-0.870667495573	3.03051919684
YDR356W	48.0438543771	-1.7650470473	0.633822325334	7.63678308445	0.00571898216701	0.096268752616	-1.7650470473	1.68163784194
YDR382W	2750.30608829	-1.47240469277	0.455486974756	10.3361363465	0.0013045078769	0.0350817698358	-1.47240469277	3.43938103022
YDR395W	633.08363222	-0.901777122048	0.277745960575	10.5364538803	0.00117042773367	0.0322966759403	-0.901777122048	2.80146108539
YDR400W	58.4122879834	-2.80485629746	0.644268132413	21.2904371617	3.94695574458e-06	0.000425810080147	-2.80485629746	1.7665042177
YDR444W	43.7248187746	4.00918137351	1.40108204104	14.6897885728	0.000126731083502	0.00695868858502	4.00918137351	1.64072801814
YDR453C	27.1913908869	2.53298149963	0.998236623392	8.36273305499	0.00382994103295	0.0740929006418	2.53298149963	1.43443142307
YDR457W	335.629363179	-1.03367107887	0.375872972433	7.55642974211	0.00597963382584	0.0993185649621	-1.03367107887	2.52585994891
YDR497C	367.771623076	-1.12784604523	0.301199719754	13.9605781801	0.000186684240361	0.00906085295182	-1.12784604523	2.56557821643
YDR502C	713.069981484	-1.11095518884	0.2593348856	18.2293580376	1.95836805356e-05	0.00159869342716	-1.11095518884	2.85313215409
YEL026W	766.560644739	-0.864476167294	0.304565543606	8.00717190822	0.00465924458658	0.0827701097145	-0.864476167294	2.88454651879
YEL031W	948.847646362	-1.20606708391	0.298337563162	16.2407171388	5.57822365831e-05	0.00383838276032	-1.20606708391	2.97719648465
YEL034W	3832.34140904	-1.93725053395	0.283443510606	45.9181060264	1.2330107299e-11	8.37830790969e-09	-1.93725053395	3.58346419181
YEL042W	450.38701157	-0.883592360019	0.307750624508	8.21053630877	0.00416478396258	0.0777998818577	-0.883592360019	2.65358585768
YEL050W-A	4.20444124092	-9.43080511212	2.44014612775	12.1831484667	0.000482231808917	0.0174760807551	-9.43080511212	0.623708287385
YEL063C	231.881269566	-1.02993569882	0.357635139825	8.21763354347	0.00414852645171	0.0777634130742	-1.02993569882	2.3652656695
YER001W	507.214083437	-0.896529496318	0.312922789282	8.19938368292	0.00419046220321	0.0780114812898	-0.896529496318	2.70519130377
YER036C	1485.3914811	-1.07375119693	0.31339871106	11.6678572069	0.000635892083581	0.0214318752636	-1.07375119693	3.17184092885
YER037W	67.4885370023	-2.54686849565	0.729883389029	14.9872291676	0.000108241230601	0.00645136978721	-2.54686849565	1.82923001373
YER043C	3010.27518981	-1.18868345083	0.304953384124	15.0892271396	0.000102546837256	0.00619382897025	-1.18868345083	3.47860619923
YER064C	353.925874403	0.973831472674	0.346164990334	7.92223499672	0.00488309129916	0.0853520395569	0.973831472674	2.5489123137
YER078C	89.1797848466	1.3109844893	0.456232255534	8.34424036834	0.00386911897106	0.0745834422931	1.3109844893	1.95026642024
YER081W	376.713258716	2.88957189987	0.457427185978	41.9292160611	9.4637976926e-11	5.1445204257e-08	2.88957189987	2.5760109058
YER125W	309.778259755	-2.4972523246	0.312290245616	63.0579435827	2.00714280311e-15	3.63694275923e-12	-2.4972523246	2.4910509357
YER126C	219.476417867	-1.10096284061	0.362120217098	9.16866751294	0.0024619375735	0.0557628860398	-1.10096284061	2.34138786335
YER130C	102.93146971	1.63853447915	0.461744584663	12.7951183031	0.000347525006102	0.0135909779365	1.63853447915	2.0125481739
YER131W	1125.43424334	-1.21124427989	0.41493631325	8.44824725087	0.0036539542218	0.0723444097184	-1.21124427989	3.0513201252
YER165W	2827.00437611	-0.751845246264	0.260282659917	8.32053874204	0.00391992921594	0.0750532238798	-0.751845246264	3.45132648076
YER166W	191.576592764	-1.03222701072	0.345779976152	8.86496238079	0.00290696240638	0.0619695985925	-1.03222701072	2.28234244496
YER190W	150.450366621	-2.97958543322	1.41962150804	7.71788475372	0.00546764206508	0.0934657303954	-2.97958543322	2.17739325038
YFL021W	46.2124089134	-3.0225742586	1.13221753084	10.8564586856	0.000984517825926	0.0287109663014	-3.0225742586	1.66475860757
YFL054C	20.9712074905	-4.12622234062	1.60592116593	8.68888067133	0.00320157179653	0.0659232738104	-4.12622234062	1.32162343721
YFR020W	36.4754801462	2.22596568991	0.867377703098	8.15734211128	0.00428871777591	0.0795681564158	2.22596568991	1.56200101745
YGL008C	13113.7257188	-1.03332564535	0.362074751021	8.10132679327	0.00442328681773	0.0805490778925	-1.03332564535	4.11772609591
YGL026C	849.608846248	-0.877775776091	0.30485624704	8.26549886566	0.00404055569335	0.0764559931432	-0.877775776091	2.9292190257
YGL028C	268.57302785	-0.990814528942	0.351365229088	7.92243586667	0.00488254919199	0.0853520395569	-0.990814528942	2.42906239536
YGL066W	61.8720448124	-1.5002528958	0.49504521061	8.99924576969	0.0027009105082	0.0592022158168	-1.5002528958	1.79149446928
YGL084C	191.591654976	-0.954183525078	0.33820986195	7.92676108277	0.00487089117567	0.0853520395569	-0.954183525078	2.28237658889
YGL088W	848.902872119	10.3306480117	1.4375808334	145.311596141	1.83585673488e-33	9.97971721081e-30	10.3306480117	2.92885800295
YGL125W	27.1493965228	-6.57057330896	1.58730215412	25.1699016926	5.2495109359e-07	7.71252471556e-05	-6.57057330896	1.43376018053
YGL137W	691.889602613	-0.966184605009	0.262938011232	13.4691738224	0.000242515073197	0.0108058355565	-0.966184605009	2.84003680428
YGL139W	142.116082396	-1.06857391699	0.376249066201	8.01755022829	0.00463261923188	0.0827701097145	-1.06857391699	2.15264322712
YGL148W	811.780018387	-0.910566648291	0.304945531578	8.8810720848	0.00288142291542	0.0616669880639	-0.910566648291	2.90943835714
YGL156W	40.7719680199	-3.86551244159	0.914338206063	22.4453073307	2.16213083965e-06	0.000255507461833	-3.86551244159	1.61036167489
YGL167C	395.371424216	-1.01251509188	0.277538353958	13.2648788347	0.00027042493589	0.0116917512306	-1.01251509188	2.59700527713
YGL191W	179.954314898	-1.17021133153	0.415582359364	7.83124914806	0.00513505998164	0.0888986817204	-1.17021133153	2.25516226451
YGL194C-A	5.78743849199	4.68184848008	1.76242200498	8.01216652799	0.00464641159877	0.0827701097145	4.68184848008	0.762486388435
YGL195W	1096.38777157	-1.63269700312	0.367747768037	19.49701231	1.00757152666e-05	0.000905981428106	-1.63269700312	3.03996418304
YGL196W	95.3932053366	1.3594777189	0.486770613961	8.09837522445	0.00443049563831	0.0805490778925	1.3594777189	1.9795174419
YGL200C	365.699777332	-0.891189976079	0.295061729784	9.08047973074	0.00258352267772	0.0577295851084	-0.891189976079	2.5631246959
YGL203C	159.56126861	-1.24656159775	0.337873450789	13.5371287349	0.000233889943359	0.0105076506785	-1.24656159775	2.20292748056
YGL206C	1216.47298468	-2.24404214678	0.364849781714	37.040597191	1.15695147298e-09	4.09859048105e-07	-2.24404214678	3.0851024686
YGL211W	77.1819835395	2.32290655727	0.669831276423	14.0727550461	0.000175872977388	0.00877105967966	2.32290655727	1.88751593554
YGL234W	1049.31955599	-0.86817847807	0.311133244891	7.76633180515	0.0053229035089	0.0915674160581	-0.86817847807	3.02090776681
YGL253W	2201.32326614	-1.66591248776	0.249364984214	44.1240344688	3.08213212823e-11	1.86160780545e-08	-1.66591248776	3.34268382374
YGR008C	74.4446717969	-3.32076244784	0.655412502794	28.3638751091	1.00523723234e-07	2.02387762777e-05	-3.32076244784	1.87183361959
YGR061C	1545.20972956	-2.00056263318	0.271748276076	53.3584010962	2.77920138781e-13	3.77693468603e-10	-2.00056263318	3.18898743406
YGR094W	1821.51403645	-1.18498802383	0.315992592003	13.9767777854	0.000185082550827	0.00906085295182	-1.18498802383	3.26043252223
YGR118W	2030.08874799	-1.19443741121	0.398217880888	8.92644151192	0.00281071431358	0.0609847724284	-1.19443741121	3.30751502408
YGR121C	34.7034102532	3.93567538089	1.18059502826	16.9382885102	3.86148063179e-05	0.00283662279925	3.93567538089	1.54037215437
YGR155W	1977.74351253	-1.03591687551	0.299776301434	11.8818232025	0.000566844259676	0.0196265311822	-1.03591687551	3.2961699686
YGR157W	511.948618139	-1.34833560937	0.300404447445	20.0165094209	7.67764293549e-06	0.000732204684164	-1.34833560937	2.70922637508
YGR175C	1061.9183613	-0.847556246279	0.298142189907	8.04546208788	0.00456177809824	0.0823848031297	-0.847556246279	3.02609113012
YGR204W	948.045872379	-1.63197052873	0.261695609722	38.4833567596	5.52226104142e-10	2.14421507294e-07	-1.63197052873	2.97682935173
YGR213C	109.613203046	4.29808100929	1.49831960976	11.5493933722	0.000677713654201	0.0222784286174	4.29808100929	2.03986286861
YGR218W	582.064498432	-1.19792456442	0.256946822552	21.6401712076	3.28890982005e-06	0.000372469037121	-1.19792456442	2.76497111139
YGR240C	2909.39379774	-1.64254841303	0.297983286744	30.0095607508	4.29921339676e-08	9.93243848556e-06	-1.64254841303	3.46380250867
YHL007C	169.490436384	-1.18428221909	0.360868544868	10.6859505031	0.00107952253436	0.0301002953088	-1.18428221909	2.22914519786
YHL021C	224.26257049	1.15157506422	0.386619212868	8.7827232604	0.00304096870978	0.0635796381014	1.15157506422	2.35075679571
YHL043W	39.4993790766	4.51540492964	1.54815813493	11.2643700661	0.000790089874707	0.024683497465	4.51540492964	1.59659026865
YHR006W	115.115231535	1.5891998291	0.468640828976	11.6989685226	0.000625347536302	0.0212461825459	1.5891998291	2.06113279134
YHR027C	632.669700481	-1.08235353719	0.326206857542	10.9783391098	0.000921830089842	0.0278392687132	-1.08235353719	2.80117703593
YHR030C	317.819136932	1.36025982247	0.364631377424	14.1664332126	0.000167329152224	0.0085009464625	1.36025982247	2.50218004395
YHR042W	658.705172889	-1.1739039608	0.3241730586	13.0464667153	0.000303857104715	0.0124193024153	-1.1739039608	2.81869107402
YHR064C	2104.70386579	-1.06980341562	0.30308604636	12.3873514701	0.000432251937122	0.0162049760703	-1.06980341562	3.32319099875
YHR137W	460.521733825	1.43711601101	0.436191813772	10.8980904916	0.000962634436609	0.028594977035	1.43711601101	2.66325013107
YHR142W	156.046544556	1.3435275291	0.412445142275	10.8103730608	0.00100932961602	0.0288774515405	1.3435275291	2.19325415623
YHR165C	237.318403498	-1.05319715028	0.325241653722	10.446264221	0.00122897762332	0.0334036118019	-1.05319715028	2.37533141807
YHR174W	62700.6833845	-1.08077572228	0.371465732413	8.41609416449	0.00371913903375	0.0727238841277	-1.08077572228	4.7972722743
YHR192W	80.3328210066	-1.61831711232	0.534050265498	9.05073783505	0.00262588827378	0.0582625659441	-1.61831711232	1.90489301813
YHR198C	77.5979486706	1.38366288221	0.495306409673	8.13623703244	0.00433892353269	0.0800349918573	1.38366288221	1.88985024068
YHR205W	285.030524856	-0.886029309914	0.29969691198	8.69251776395	0.00319518951753	0.0659232738104	-0.886029309914	2.45489137252
YIL011W	59.209555026	-2.24541449393	0.764634386544	8.8891740822	0.00286866467291	0.0616669880639	-2.24541449393	1.77239179727
YIL030C	302.210242669	-0.979497996937	0.307279649058	10.1545763332	0.00143943472078	0.0370842044651	-0.979497996937	2.48030917959
YIL056W	112.370977009	1.30739771893	0.429224670609	9.47515934768	0.00208272794157	0.048800470217	1.30739771893	2.05065415685
YIL078W	1899.13251806	-1.07545589942	0.274246321541	15.3038303613	9.15307272681e-05	0.00582235501523	-1.07545589942	3.27855527008
YIL094C	206.183775392	-1.21669119296	0.411266616021	8.92308149862	0.00281588997048	0.0609847724284	-1.21669119296	2.31425448764
YIL108W	154.174240859	-1.13421014607	0.356390229039	10.0405195679	0.00153134005387	0.0383611268795	-1.13421014607	2.18801181867
YIL117C	119.107659466	1.7567230238	0.542278172096	10.7447455935	0.00104575816142	0.0296080279452	1.7567230238	2.07593969059
YIL123W	1014.9032807	-2.58553636301	0.458126398863	30.9258201992	2.6808132021e-08	6.62404571209e-06	-2.58553636301	3.00642465638
YIL125W	328.793671732	-1.23556625168	0.329326860359	14.0111390769	0.000181730844357	0.00898080790839	-1.23556625168	2.51692345011
YJL034W	2389.7360301	-0.88373262324	0.266139384147	10.9822139038	0.000919904714595	0.0278392687132	-0.88373262324	3.37834993149
YJL039C	361.557863773	-1.27092232562	0.298329373784	18.0811382827	2.11688082101e-05	0.00166773393377	-1.27092232562	2.55817781174
YJL042W	84.6673771516	-1.87600713668	0.448341889132	17.6423054626	2.66591627195e-05	0.00201276678532	-1.87600713668	1.92771610629
YJL079C	131.399486342	-2.46090346095	0.812842253184	10.0905838979	0.00149028876272	0.0378561201596	-2.46090346095	2.11859366751
YJL080C	1349.34196504	-1.23851356552	0.289305531258	18.2176648852	1.97042788115e-05	0.00159869342716	-1.23851356552	3.13012202729
YJL082W	90.4400674601	-1.50458922656	0.411888405711	13.2608906967	0.000271000856338	0.0116917512306	-1.50458922656	1.95636087762
YJL108C	28.9453015621	5.0150510837	1.53536770097	15.2918656205	9.2112312603e-05	0.00582235501523	5.0150510837	1.46157807856
YJL109C	655.987554747	-0.99663516477	0.344409558329	8.36976552093	0.00381514842865	0.0740929006418	-0.99663516477	2.81689560011
YJL141C	97.2002875282	1.64428243993	0.45770566339	13.1460532238	0.000288125511414	0.0120480790773	1.64428243993	1.98766754961
YJL171C	388.299637451	-1.32763331524	0.40115561578	10.8347027264	0.000996153098433	0.0288036608675	-1.32763331524	2.58916698505
YJL172W	347.676761864	-0.967340535355	0.304998567178	10.0238682806	0.00154524592604	0.0385319121741	-0.967340535355	2.54117566413
YJL206C	38.97572506	2.4935546441	0.828842288377	9.98451803253	0.00157861869021	0.0391843433789	2.4935546441	1.59079420306
YJL213W	114.369484683	7.80827448134	1.48205349377	76.4295667863	2.2820880556e-18	6.20271533512e-15	7.80827448134	2.0583101643
YJR009C	15737.8154552	-1.44002297808	0.319799812268	20.0696676103	7.46716299759e-06	0.000724848179552	-1.44002297808	4.19694444838
YJR045C	3017.79810342	-1.01043939378	0.305246590897	10.9074817061	0.000957766402183	0.028594977035	-1.01043939378	3.47969018126
YJR075W	232.850707195	-0.875276792685	0.315520609513	7.66762998764	0.00562202533689	0.0958035414775	-0.875276792685	2.36707756127
YJR077C	718.451114533	-1.0176301047	0.295028443201	11.8334411552	0.000581763812631	0.0198897363865	-1.0176301047	2.85639722284
YJR083C	40.8041094401	2.51118618404	0.673694068076	14.9708592534	0.000109184330468	0.00645136978721	2.51118618404	1.61070390371
YJR096W	48.0490033432	-3.03934281506	0.979014512962	12.9061365134	0.000327506609836	0.0129950797888	-3.03934281506	1.68168438374
YJR109C	318.679390515	-2.05740099034	0.399831082869	26.2417940971	3.0123209101e-07	4.96211408099e-05	-2.05740099034	2.50335397789
YJR131W	117.128979504	-1.08116924435	0.392586440752	7.54674829254	0.00601184637681	0.099332513387	-1.08116924435	2.06866435947
YJR137C	115.883956852	-1.95479621318	0.405211466227	23.372776595	1.33453898443e-06	0.000168710556264	-1.95479621318	2.06402331575
YJR143C	623.727610711	-1.23197548157	0.291320369439	17.7847147173	2.47362520952e-05	0.00189389107591	-1.23197548157	2.7949949695
YKL004W	246.469001202	-1.21011227526	0.324138684633	13.8043658651	0.000202864274838	0.009603080144	-1.21011227526	2.39176230514
YKL010C	182.188818676	-1.19731373969	0.370831410317	10.4101557684	0.00125324172534	0.0338936418853	-1.19731373969	2.26052171986
YKL051W	109.249242642	1.80586689519	0.420449074577	18.7247296517	1.51011297521e-05	0.00128265220832	1.80586689519	2.03841843496
YKL062W	80.409425578	1.47021431572	0.515309124739	8.26430629136	0.00404321076263	0.0764559931432	1.47021431572	1.90530695965
YKL075C	50.6035214745	1.78961634728	0.6851197707	7.55248679651	0.0059927316607	0.0993185649621	1.78961634728	1.70418074023
YKL101W	153.894525105	-1.49857050456	0.366041652734	16.6829940905	4.4175229896e-05	0.00316472518874	-1.49857050456	2.18722316981
YKL120W	94.2093318571	1.49758841553	0.46239691024	11.1211451342	0.000853490758131	0.0265118614926	1.49758841553	1.97409392374
YKL157W	432.454517315	-0.992987399342	0.295062026789	11.3261454912	0.000764233692499	0.0240520302416	-0.992987399342	2.635940438
YKL161C	113.540064468	2.01831033116	0.654173550899	11.1085801259	0.000859292520047	0.0265404212442	2.01831033116	2.05514913648
YKL163W	44.1219156106	2.2697731946	0.951098982217	7.63083517235	0.00573787267248	0.096268752616	2.2697731946	1.64465435964
YKL176C	89.0940073627	-1.73410016771	0.488866861055	12.4888830958	0.000409380878403	0.0156717919366	-1.73410016771	1.94984849352
YKL182W	4003.78551464	-1.21516423217	0.376782026433	10.3282680814	0.00131008080881	0.0350817698358	-1.21516423217	3.602470804
YKL184W	218.791392753	-0.920589972069	0.332733541222	7.63419913415	0.00572718096045	0.096268752616	-0.920589972069	2.34003023286
YKL187C	24.2900103798	4.95136917483	1.44662962077	20.752398672	5.22660711885e-06	0.000545131229643	4.95136917483	1.38542770039
YKL201C	116.986493461	1.62870100072	0.509237981147	11.3231857612	0.000765452765231	0.0240520302416	1.62870100072	2.06813572368
YKL210W	1021.0032674	-1.19966267696	0.324357388319	13.6185999818	0.000223955630076	0.010317142416	-1.19966267696	3.00902713191
YKR001C	550.302027509	-0.842775387529	0.297295984146	8.02193677535	0.00462141227869	0.0827701097145	-0.842775387529	2.74060111291
YKR091W	110.08014995	1.29199575868	0.466450320882	7.97759087544	0.00473599255102	0.0838594641934	1.29199575868	2.04170901248
YKR095W	156.737970718	-1.62198270144	0.529452569593	9.34868288462	0.00223145778705	0.0516178916188	-1.62198270144	2.19517421967
YKR105C	7.29800576101	9.2578227616	2.60323195027	11.3484105446	0.00075512568335	0.0240520302416	9.2578227616	0.863204201858
YLL013C	152.69357429	-2.04196754045	0.440990138353	21.26728949	3.99490693295e-06	0.000425810080147	-2.04196754045	2.18382076129
YLL019C	51.3023285489	-4.32395294615	0.641409872357	48.881656849	2.71881578993e-12	2.46324710568e-09	-4.32395294615	1.71013707765
YLL021W	168.518471896	-1.86157224783	0.469967827055	15.4969331013	8.26392264742e-05	0.00546843794686	-1.86157224783	2.22664751235
YLL024C	12352.9142148	-1.37005855285	0.299602303957	20.720309215	5.31492920733e-06	0.000545131229643	-1.37005855285	4.09176942546
YLL034C	172.54540105	-1.08673830164	0.381847760053	8.10203580311	0.0044215569336	0.0805490778925	-1.08673830164	2.23690338829
YLR044C	62515.9997053	-1.11583022846	0.308602895055	12.9929920271	0.00031265895931	0.0126836873344	-1.11583022846	4.79599118046
YLR046C	129.573140318	4.31120311747	1.35760305935	22.5534527486	2.04376877313e-06	0.000246887267795	4.31120311747	2.1125149844
YLR084C	84.8096138792	1.64434865164	0.466608759935	12.951254785	0.000319707134784	0.0128678131842	1.64434865164	1.92844508596
YLR116W	71.9780062516	1.7282549101	0.583438351955	9.12219893002	0.0025252624012	0.0569544104871	1.7282549101	1.85719981278
YLR134W	344.847464589	-1.3969401397	0.377925678296	13.5755002001	0.00022915691508	0.0103808082531	-1.3969401397	2.53762703729
YLR153C	1338.09988718	-1.09241312046	0.282511605596	14.8757388532	0.00011483038497	0.0066193930194	-1.09241312046	3.12648853408
YLR180W	1094.50617671	-1.19094363081	0.327300147294	13.1610524118	0.000285828306353	0.0120446718863	-1.19094363081	3.0392182168
YLR197W	1536.60366902	-0.899484639652	0.320655394882	7.84144762034	0.00510616998437	0.0886809585783	-0.899484639652	3.18656186584
YLR249W	17934.5414471	-1.5529375615	0.318317709658	23.5209049382	1.23563869796e-06	0.000163827608832	-1.5529375615	4.25369027705
YLR257W	391.393044814	1.02493662654	0.326883695409	9.8505931771	0.00169777006764	0.0413860003932	1.02493662654	2.59261310383
YLR259C	2136.19974021	-1.4439405453	0.360057527547	15.9219729588	6.60079455754e-05	0.00448523990185	-1.4439405453	3.32964185791
YLR266C	76.1895951857	2.39183969354	0.659919547915	14.6144873595	0.00013189667095	0.00716990303282	2.39183969354	1.88189566606
YLR274W	150.409368907	1.20075153717	0.423529822268	8.23956156765	0.00409870318485	0.0770953304943	1.20075153717	2.17727488903
YLR286C	807.554875061	-1.4857124868	0.363171530972	16.6799743413	4.42456060235e-05	0.00316472518874	-1.4857124868	2.90717204323
YLR367W	234.385653879	-1.4048122322	0.437730155171	10.2829562986	0.00134264650884	0.0356614145183	-1.4048122322	2.36993102615
YLR384C	397.236821884	-1.16315580608	0.373245011348	9.69898569064	0.0018436975085	0.044346635647	-1.16315580608	2.59904949863
YLR411W	85.1193795482	4.79897468605	1.51257577461	14.7369639051	0.00012359915828	0.00685596963686	4.79897468605	1.93002844931
YLR413W	1229.87884829	-1.2993013852	0.33966341842	14.515538289	0.000139008232944	0.00737713397099	-1.2993013852	3.08986233249
YML002W	77.4545799088	3.26880600786	1.08950353982	15.7786401757	7.12018290205e-05	0.00477843385871	3.26880600786	1.8890471028
YML017W	110.018035934	-1.3179066211	0.411760327565	10.2242996199	0.00138602363548	0.0363981859057	-1.3179066211	2.04146388756
YML054C	33.5668518951	3.51481418594	1.14313070009	14.8344572029	0.000117371326413	0.00664615135815	3.51481418594	1.52591061236
YML056C	1672.40436037	-1.658605523	0.308142590904	28.6120518331	8.84300862299e-08	1.84886903364e-05	-1.658605523	3.22334129119
YML123C	3310.11598605	-1.72260478353	0.329420533895	27.097799833	1.93417950459e-07	3.39167735064e-05	-1.72260478353	3.51984321167
YMR011W	766.342900419	-1.05034878617	0.375528990508	7.81289755508	0.00518746624961	0.0895208461361	-1.05034878617	2.88442313835
YMR012W	994.357826656	-1.09129821248	0.293220407496	13.801669089	0.000203155668977	0.009603080144	-1.09129821248	2.99754269645
YMR068W	27.4153919556	4.07115609098	1.43425867279	13.3369222551	0.000260231105125	0.0115009454265	4.07115609098	1.43799445934
YMR070W	88.427734954	-1.37387282121	0.477432959754	8.11085900167	0.00440008710381	0.0805490778925	-1.37387282121	1.94658850085
YMR079W	473.629798013	-1.08600645485	0.281031502685	14.8725414735	0.000115025194368	0.0066193930194	-1.08600645485	2.67543901784
YMR121C	449.698293378	-1.77113533545	0.450672024901	15.1588203492	9.88355179278e-05	0.00603674017366	-1.77113533545	2.65292123941
YMR170C	57.2471234546	-3.60842873916	0.85667549053	24.6320242623	6.93889842433e-07	9.42996295866e-05	-3.60842873916	1.75775366919
YMR186W	6838.16063965	-1.86860422062	0.270155577835	47.0590874201	6.88785591615e-12	5.3489121086e-09	-1.86860422062	3.83493929887
YMR189W	301.641049939	-2.26292886119	0.416989834382	29.9711687011	4.38518255433e-08	9.93243848556e-06	-2.26292886119	2.47949044379
YMR196W	84.8503798797	-1.48616599571	0.528128722373	8.26096966574	0.00405064864335	0.0764559931432	-1.48616599571	1.92865379102
YMR203W	645.495492836	-0.895737172231	0.263127182338	11.5422571731	0.000680319932024	0.0222784286174	-0.895737172231	2.80989321416
YMR205C	2644.78685679	-1.78735333339	0.251622780338	49.756051925	1.74100337732e-12	1.89281887182e-09	-1.78735333339	3.42239067802
YMR229C	915.474572188	-1.32375423543	0.375309456233	12.3590797239	0.000438846956118	0.0163395346127	-1.32375423543	2.96164628604
YMR266W	191.106468445	-1.48249989996	0.362291392104	16.6316181958	4.53880391812e-05	0.00320427767518	-1.48249989996	2.28127538701
YMR303C	523.021536258	-5.21279282972	1.11468462897	19.7380909689	8.88133956725e-06	0.000832395894613	-5.21279282972	2.71851957201
YMR305C	634.203388217	-1.0276915912	0.293873096214	12.136832922	0.000494356572768	0.0176727981272	-1.0276915912	2.80222855791
YMR307W	3460.33245155	-1.27012702969	0.278187871441	20.6816245439	5.42339762076e-06	0.00054595536049	-1.27012702969	3.53911782565
YMR308C	682.670119198	-1.06129107288	0.279751729545	14.3349665984	0.000152996513143	0.00792084805188	-1.06129107288	2.83421089399
YMR309C	1122.72345065	-1.05277311989	0.338549707939	9.63386640253	0.00191022065247	0.0453448011652	-1.05277311989	3.05027279397
YMR316W	102.202603938	2.22151941486	0.694920726597	12.3265746108	0.000446555089243	0.0165134249328	2.22151941486	2.00946196098
YNL014W	39.025863571	-6.84988891292	1.59838768741	27.1570499234	1.8757991876e-07	3.39167735064e-05	-6.84988891292	1.59135252198
YNL032W	53.0678113708	2.01152721496	0.6977166911	9.534122562	0.00201686572255	0.0474618271333	2.01152721496	1.72483117677
YNL066W	323.263780361	-1.25104599954	0.350320627021	12.6634390285	0.000372875712633	0.0144782312419	-1.25104599954	2.50955704742
YNL085W	487.518384145	-0.840637343788	0.283549504299	8.78816231357	0.00303191519843	0.0635796381014	-0.840637343788	2.68799099743
YNL087W	202.037873961	-1.04728707971	0.327420479177	10.202909133	0.00140219280611	0.0364704310719	-1.04728707971	2.30543278979
YNL101W	74.743625343	1.50089342503	0.536569444117	8.13439804086	0.00434332645289	0.0800349918573	1.50089342503	1.87357415892
YNL112W	897.860912455	-1.24657210812	0.344130480696	13.0611082685	0.000301490988099	0.0124159470553	-1.24657210812	2.95320906536
YNL131W	196.457334291	1.09990543021	0.399092706334	7.56926244234	0.00593720751177	0.0993066462585	1.09990543021	2.29326824686
YNL142W	24.3253128002	-4.45099609306	1.55841876223	11.8868648945	0.000565311950578	0.0196265311822	-4.45099609306	1.38605843359
YNL143C	209.256409997	11.658453185	2.31508847599	11.9218473672	0.000554794363678	0.019457175232	11.658453185	2.32067877029
YNL159C	47.9550498545	1.9788332159	0.614954488597	10.7732532047	0.00102977353939	0.0293081097388	1.9788332159	1.68083434682
YNL190W	526.693154645	-1.56557736062	0.309524929746	25.3084609977	4.88560957655e-07	7.3772704606e-05	-1.56557736062	2.72155767393
YNL216W	207.571175011	-1.10822706281	0.337864513372	10.6855492183	0.00107975673017	0.0301002953088	-1.10822706281	2.31716704377
YNL230C	33.1052434999	2.62119021698	1.00558339477	8.60256070271	0.00335690675441	0.0678730111945	2.62119021698	1.51989678661
YNL303W	6.825685288	9.65193670577	2.64613388712	8.46649161842	0.00361748481372	0.0720316756314	9.65193670577	0.83414626038
YNR004W	24.3052268663	3.15854001675	1.16348002712	10.8505471667	0.000987665691383	0.0287109663014	3.15854001675	1.38569967916
YNR016C	2309.90208406	-1.4480884558	0.43270946479	11.0928344905	0.000866619218457	0.0266154919296	-1.4480884558	3.36359357069
YNR060W	222.34924677	3.36508697331	0.891105818715	24.9016709703	6.03301098356e-07	8.63038097543e-05	3.36508697331	2.34703566257
YOL004W	327.074754039	-1.35501645348	0.287095361606	22.1972062436	2.46031538849e-06	0.00028455903089	-1.35501645348	2.51464702347
YOL014W	43.1225745515	2.36171166555	0.799602505625	10.6872028496	0.00107879197649	0.0301002953088	2.36171166555	1.63470468168
YOL029C	32.4575934579	4.16064854331	1.52991269942	9.67718975949	0.00186569775789	0.0444821623329	4.16064854331	1.51131631627
YOL090W	202.016437786	-1.19298546128	0.327666734183	13.1929782671	0.000280999976344	0.0119503143271	-1.19298546128	2.3053867088
YOL125W	95.2952491513	-1.53153158763	0.516548527529	8.46981792076	0.00361087573364	0.0720316756314	-1.53153158763	1.97907124986
YOL130W	180.846794002	-2.26029382537	0.436805055758	26.6649097938	2.41976311215e-07	4.11057258676e-05	-2.26029382537	2.25731081412
YOL159C-A	6.62268326004	-4.93991351714	1.75253579304	8.88487481681	0.00287542757967	0.0616669880639	-4.93991351714	0.821033984745
YOR027W	1081.06483971	-1.00958917484	0.284070168538	12.5778715199	0.000390341031715	0.0150488925419	-1.00958917484	3.03385174269
YOR032C	32.9218203628	4.39290807218	1.53832645053	10.8152876902	0.00100665380772	0.0288774515405	4.39290807218	1.51748384087
YOR043W	183.432012424	-1.48607173809	0.43308095298	12.0611205508	0.000514843363302	0.0181733020968	-1.48607173809	2.26347513071
YOR085W	277.399934504	-1.02949070347	0.33148742	9.58880193066	0.00195767644319	0.0462692571529	-1.02949070347	2.4431063542
YOR086C	259.939937855	-0.940326090026	0.305891981599	9.41264478165	0.00215494175679	0.0502758085404	-0.940326090026	2.41487301077
YOR151C	536.856808262	-0.915210792472	0.271568188473	11.3258101735	0.000764371706701	0.0240520302416	-0.915210792472	2.72985846508
YOR162C	73.2822223667	2.11646988851	0.54529073176	16.2739549045	5.48122020306e-05	0.00381998884921	2.11646988851	1.86499863133
YOR168W	907.640117713	-0.802518414878	0.261955253634	9.37314489218	0.00220187427087	0.0511512330617	-0.802518414878	2.95791368346
YOR175C	215.543934874	1.02830148932	0.349896840721	8.62257179686	0.00332022737998	0.0678524663067	1.02830148932	2.33353580688
YOR178C	26.9305384446	7.61573799678	1.5746676491	39.2809091318	3.67012239443e-10	1.66256544468e-07	7.61573799678	1.43024503671
YOR180C	22.4877347911	3.66504275018	1.18634786574	14.1429275047	0.000169432865126	0.00852812087803	3.66504275018	1.35194571078
YOR204W	1095.87176309	-1.61708335894	0.282153716444	32.513110698	1.18391143341e-08	3.217871276e-06	-1.61708335894	3.03975973678
YOR208W	66.7357904138	2.69378430796	0.939811420233	11.3281030867	0.000763428463481	0.0240520302416	2.69378430796	1.82435880859
YOR220W	70.9691621694	1.49617020198	0.501643593762	9.114799077	0.00253549803861	0.0569544104871	1.49617020198	1.85106967817
YOR273C	190.845482387	2.37783190837	0.402305748013	34.9753126237	3.33912181118e-09	1.06773330386e-06	2.37783190837	2.28068188397
YOR303W	218.409308277	1.29857893974	0.358866119066	13.2715012734	0.000269471324252	0.0116917512306	1.29857893974	2.33927114341
YOR310C	1493.6547868	-0.993658034806	0.30933639121	10.2647427569	0.00135596642916	0.0357817160626	-0.993658034806	3.17425023502
YOR317W	508.829532686	-1.21992195236	0.310205739907	15.4774536256	8.34952813814e-05	0.00546843794686	-1.21992195236	2.70657231001
YOR326W	343.972578697	-1.14175746743	0.379528360436	9.02652272683	0.00266090172161	0.0587994380433	-1.14175746743	2.53652382224
YOR335C	1385.18750268	-0.942337014682	0.290032822289	10.5244402711	0.00117806087723	0.0323431259022	-0.942337014682	3.14150856464
YOR341W	1102.98090342	-1.25126880865	0.348115393991	12.8542998052	0.000336704671103	0.0132632361747	-1.25126880865	3.0425679933
YOR350C	72.415299349	-1.87688282413	0.621740035549	9.01816010203	0.00267310332495	0.0588299177102	-1.87688282413	1.8598303303
YOR368W	38.2253794779	2.46536635208	0.752011288394	11.3919480447	0.000737631361288	0.0238676433331	2.46536635208	1.58235180551
YPL052W	29.383742184	3.6645140547	0.894773805944	19.440975058	1.03756955138e-05	0.000909714206659	3.6645140547	1.46810710481
YPL085W	299.82257246	-1.10825155014	0.352470102504	9.85092780666	0.00169746126996	0.0413860003932	-1.10825155014	2.47686432606
YPL088W	162.404020101	3.28161586	0.815744521092	24.6447376113	6.89327285421e-07	9.42996295866e-05	3.28161586	2.21059677543
YPL095C	72.9342514128	1.66754151217	0.57777477557	8.65488527274	0.00326185616012	0.0669111324016	1.66754151217	1.86293152977
YPL106C	3311.99184378	-1.07472246376	0.273881034503	15.3163325945	9.09269625022e-05	0.00582235501523	-1.07472246376	3.52008925861
YPL119C	14.3522171782	3.15706097788	1.08267638072	10.1275320903	0.00146070853963	0.0374547717992	3.15706097788	1.15691899751
YPL128C	102.48841421	-1.84959828297	0.406060235034	20.5202725057	5.90030255581e-06	0.00058316444897	-1.84959828297	2.0106747734
YPL160W	1890.16920965	-1.62915255265	0.287844443317	31.6871253849	1.8111891109e-08	4.68839238421e-06	-1.62915255265	3.27650068435
YPL165C	29.4085080662	4.55312531452	1.60930589961	9.68440128626	0.00185838932917	0.0444821623329	4.55312531452	1.46847299271
YPL175W	73.7483462006	1.60855116849	0.575801988503	8.42494549523	0.0037010774018	0.072631973849	1.60855116849	1.86775228575
YPL214C	72.416683366	1.90473682446	0.651768152511	9.8052217797	0.00174017049123	0.0422302088855	1.90473682446	1.85983863055
YPL216W	64.2666316689	-2.95091003285	0.887817142297	13.6397570085	0.000221446092475	0.0102887261427	-2.95091003285	1.80798553834
YPL217C	330.492935003	-1.1441596157	0.413211473771	7.64494912351	0.00569315019109	0.096268752616	-1.1441596157	2.51916217994
YPL226W	1302.35186788	-1.22400324289	0.321001154096	14.4692781164	0.000142464217034	0.00744649503652	-1.22400324289	3.11472833725
YPL231W	3434.08511342	-1.29912545492	0.429509280812	9.07502028696	0.0025912470137	0.0577295851084	-1.29912545492	3.5358110549
YPL240C	1750.70505288	-1.8701915515	0.49066602489	14.2860740804	0.000157022267142	0.00805257588854	-1.8701915515	3.24321298521
YPR033C	631.193639509	-0.91137784655	0.280884249978	10.4990846971	0.00119433692896	0.0326252037478	-0.91137784655	2.80016261387
YPR065W	160.115295496	-2.15816292127	0.371791136167	33.2338924792	8.17138165205e-09	2.33787529792e-06	-2.15816292127	2.20443282119
YPR074C	3155.13426413	-0.987080715958	0.298900633695	10.8588437398	0.000983250666051	0.0287109663014	-0.987080715958	3.49901784502
YPR127W	84.4493674681	1.31902414242	0.462187691826	8.36268543188	0.00383004140551	0.0740929006418	1.31902414242	1.92659640102
YPR145W	1578.04630612	-0.976032775223	0.283261256054	11.8348943222	0.000581309975657	0.0198897363865	-0.976032775223	3.19811974298
YPR154W	88.8004000986	-1.21673978187	0.415987767567	8.60385264742	0.00335452629253	0.0678730111945	-1.21673978187	1.94841492254
